0.10000000
0.10058058
0.10116116
0.10174174
0.10232232
0.10290290
0.10348348
0.10406406
0.10464464
0.10522523
0.10580581
0.10638639
0.10696697
0.10754755
0.10812813
0.10870871
0.10928929
0.10986987
0.11045045
0.11103103
0.11161161
0.11219219
0.11277277
0.11335335
0.11393393
0.11451451
0.11509510
0.11567568
0.11625626
0.11683684
0.11741742
0.11799800
0.11857858
0.11915916
0.11973974
0.12032032
0.12090090
0.12148148
0.12206206
0.12264264
0.12322322
0.12380380
0.12438438
0.12496496
0.12554555
0.12612613
0.12670671
0.12728729
0.12786787
0.12844845
0.12902903
0.12960961
0.13019019
0.13077077
0.13135135
0.13193193
0.13251251
0.13309309
0.13367367
0.13425425
0.13483483
0.13541542
0.13599600
0.13657658
0.13715716
0.13773774
0.13831832
0.13889890
0.13947948
0.14006006
0.14064064
0.14122122
0.14180180
0.14238238
0.14296296
0.14354354
0.14412412
0.14470470
0.14528529
0.14586587
0.14644645
0.14702703
0.14760761
0.14818819
0.14876877
0.14934935
0.14992993
0.15051051
0.15109109
0.15167167
0.15225225
0.15283283
0.15341341
0.15399399
0.15457457
0.15515516
0.15573574
0.15631632
0.15689690
0.15747748
0.15805806
0.15863864
0.15921922
0.15979980
0.16038038
0.16096096
0.16154154
0.16212212
0.16270270
0.16328328
0.16386386
0.16444444
0.16502503
0.16560561
0.16618619
0.16676677
0.16734735
0.16792793
0.16850851
0.16908909
0.16966967
0.17025025
0.17083083
0.17141141
0.17199199
0.17257257
0.17315315
0.17373373
0.17431431
0.17489489
0.17547548
0.17605606
0.17663664
0.17721722
0.17779780
0.17837838
0.17895896
0.17953954
0.18012012
0.18070070
0.18128128
0.18186186
0.18244244
0.18302302
0.18360360
0.18418418
0.18476476
0.18534535
0.18592593
0.18650651
0.18708709
0.18766767
0.18824825
0.18882883
0.18940941
0.18998999
0.19057057
0.19115115
0.19173173
0.19231231
0.19289289
0.19347347
0.19405405
0.19463463
0.19521522
0.19579580
0.19637638
0.19695696
0.19753754
0.19811812
0.19869870
0.19927928
0.19985986
0.20044044
0.20102102
0.20160160
0.20218218
0.20276276
0.20334334
0.20392392
0.20450450
0.20508509
0.20566567
0.20624625
0.20682683
0.20740741
0.20798799
0.20856857
0.20914915
0.20972973
0.21031031
0.21089089
0.21147147
0.21205205
0.21263263
0.21321321
0.21379379
0.21437437
0.21495495
0.21553554
0.21611612
0.21669670
0.21727728
0.21785786
0.21843844
0.21901902
0.21959960
0.22018018
0.22076076
0.22134134
0.22192192
0.22250250
0.22308308
0.22366366
0.22424424
0.22482482
0.22540541
0.22598599
0.22656657
0.22714715
0.22772773
0.22830831
0.22888889
0.22946947
0.23005005
0.23063063
0.23121121
0.23179179
0.23237237
0.23295295
0.23353353
0.23411411
0.23469469
0.23527528
0.23585586
0.23643644
0.23701702
0.23759760
0.23817818
0.23875876
0.23933934
0.23991992
0.24050050
0.24108108
0.24166166
0.24224224
0.24282282
0.24340340
0.24398398
0.24456456
0.24514515
0.24572573
0.24630631
0.24688689
0.24746747
0.24804805
0.24862863
0.24920921
0.24978979
0.25037037
0.25095095
0.25153153
0.25211211
0.25269269
0.25327327
0.25385385
0.25443443
0.25501502
0.25559560
0.25617618
0.25675676
0.25733734
0.25791792
0.25849850
0.25907908
0.25965966
0.26024024
0.26082082
0.26140140
0.26198198
0.26256256
0.26314314
0.26372372
0.26430430
0.26488488
0.26546547
0.26604605
0.26662663
0.26720721
0.26778779
0.26836837
0.26894895
0.26952953
0.27011011
0.27069069
0.27127127
0.27185185
0.27243243
0.27301301
0.27359359
0.27417417
0.27475475
0.27533534
0.27591592
0.27649650
0.27707708
0.27765766
0.27823824
0.27881882
0.27939940
0.27997998
0.28056056
0.28114114
0.28172172
0.28230230
0.28288288
0.28346346
0.28404404
0.28462462
0.28520521
0.28578579
0.28636637
0.28694695
0.28752753
0.28810811
0.28868869
0.28926927
0.28984985
0.29043043
0.29101101
0.29159159
0.29217217
0.29275275
0.29333333
0.29391391
0.29449449
0.29507508
0.29565566
0.29623624
0.29681682
0.29739740
0.29797798
0.29855856
0.29913914
0.29971972
0.30030030
0.30088088
0.30146146
0.30204204
0.30262262
0.30320320
0.30378378
0.30436436
0.30494494
0.30552553
0.30610611
0.30668669
0.30726727
0.30784785
0.30842843
0.30900901
0.30958959
0.31017017
0.31075075
0.31133133
0.31191191
0.31249249
0.31307307
0.31365365
0.31423423
0.31481481
0.31539540
0.31597598
0.31655656
0.31713714
0.31771772
0.31829830
0.31887888
0.31945946
0.32004004
0.32062062
0.32120120
0.32178178
0.32236236
0.32294294
0.32352352
0.32410410
0.32468468
0.32526527
0.32584585
0.32642643
0.32700701
0.32758759
0.32816817
0.32874875
0.32932933
0.32990991
0.33049049
0.33107107
0.33165165
0.33223223
0.33281281
0.33339339
0.33397397
0.33455455
0.33513514
0.33571572
0.33629630
0.33687688
0.33745746
0.33803804
0.33861862
0.33919920
0.33977978
0.34036036
0.34094094
0.34152152
0.34210210
0.34268268
0.34326326
0.34384384
0.34442442
0.34500501
0.34558559
0.34616617
0.34674675
0.34732733
0.34790791
0.34848849
0.34906907
0.34964965
0.35023023
0.35081081
0.35139139
0.35197197
0.35255255
0.35313313
0.35371371
0.35429429
0.35487487
0.35545546
0.35603604
0.35661662
0.35719720
0.35777778
0.35835836
0.35893894
0.35951952
0.36010010
0.36068068
0.36126126
0.36184184
0.36242242
0.36300300
0.36358358
0.36416416
0.36474474
0.36532533
0.36590591
0.36648649
0.36706707
0.36764765
0.36822823
0.36880881
0.36938939
0.36996997
0.37055055
0.37113113
0.37171171
0.37229229
0.37287287
0.37345345
0.37403403
0.37461461
0.37519520
0.37577578
0.37635636
0.37693694
0.37751752
0.37809810
0.37867868
0.37925926
0.37983984
0.38042042
0.38100100
0.38158158
0.38216216
0.38274274
0.38332332
0.38390390
0.38448448
0.38506507
0.38564565
0.38622623
0.38680681
0.38738739
0.38796797
0.38854855
0.38912913
0.38970971
0.39029029
0.39087087
0.39145145
0.39203203
0.39261261
0.39319319
0.39377377
0.39435435
0.39493493
0.39551552
0.39609610
0.39667668
0.39725726
0.39783784
0.39841842
0.39899900
0.39957958
0.40016016
0.40074074
0.40132132
0.40190190
0.40248248
0.40306306
0.40364364
0.40422422
0.40480480
0.40538539
0.40596597
0.40654655
0.40712713
0.40770771
0.40828829
0.40886887
0.40944945
0.41003003
0.41061061
0.41119119
0.41177177
0.41235235
0.41293293
0.41351351
0.41409409
0.41467467
0.41525526
0.41583584
0.41641642
0.41699700
0.41757758
0.41815816
0.41873874
0.41931932
0.41989990
0.42048048
0.42106106
0.42164164
0.42222222
0.42280280
0.42338338
0.42396396
0.42454454
0.42512513
0.42570571
0.42628629
0.42686687
0.42744745
0.42802803
0.42860861
0.42918919
0.42976977
0.43035035
0.43093093
0.43151151
0.43209209
0.43267267
0.43325325
0.43383383
0.43441441
0.43499499
0.43557558
0.43615616
0.43673674
0.43731732
0.43789790
0.43847848
0.43905906
0.43963964
0.44022022
0.44080080
0.44138138
0.44196196
0.44254254
0.44312312
0.44370370
0.44428428
0.44486486
0.44544545
0.44602603
0.44660661
0.44718719
0.44776777
0.44834835
0.44892893
0.44950951
0.45009009
0.45067067
0.45125125
0.45183183
0.45241241
0.45299299
0.45357357
0.45415415
0.45473473
0.45531532
0.45589590
0.45647648
0.45705706
0.45763764
0.45821822
0.45879880
0.45937938
0.45995996
0.46054054
0.46112112
0.46170170
0.46228228
0.46286286
0.46344344
0.46402402
0.46460460
0.46518519
0.46576577
0.46634635
0.46692693
0.46750751
0.46808809
0.46866867
0.46924925
0.46982983
0.47041041
0.47099099
0.47157157
0.47215215
0.47273273
0.47331331
0.47389389
0.47447447
0.47505506
0.47563564
0.47621622
0.47679680
0.47737738
0.47795796
0.47853854
0.47911912
0.47969970
0.48028028
0.48086086
0.48144144
0.48202202
0.48260260
0.48318318
0.48376376
0.48434434
0.48492492
0.48550551
0.48608609
0.48666667
0.48724725
0.48782783
0.48840841
0.48898899
0.48956957
0.49015015
0.49073073
0.49131131
0.49189189
0.49247247
0.49305305
0.49363363
0.49421421
0.49479479
0.49537538
0.49595596
0.49653654
0.49711712
0.49769770
0.49827828
0.49885886
0.49943944
0.50002002
0.50060060
0.50118118
0.50176176
0.50234234
0.50292292
0.50350350
0.50408408
0.50466466
0.50524525
0.50582583
0.50640641
0.50698699
0.50756757
0.50814815
0.50872873
0.50930931
0.50988989
0.51047047
0.51105105
0.51163163
0.51221221
0.51279279
0.51337337
0.51395395
0.51453453
0.51511512
0.51569570
0.51627628
0.51685686
0.51743744
0.51801802
0.51859860
0.51917918
0.51975976
0.52034034
0.52092092
0.52150150
0.52208208
0.52266266
0.52324324
0.52382382
0.52440440
0.52498498
0.52556557
0.52614615
0.52672673
0.52730731
0.52788789
0.52846847
0.52904905
0.52962963
0.53021021
0.53079079
0.53137137
0.53195195
0.53253253
0.53311311
0.53369369
0.53427427
0.53485485
0.53543544
0.53601602
0.53659660
0.53717718
0.53775776
0.53833834
0.53891892
0.53949950
0.54008008
0.54066066
0.54124124
0.54182182
0.54240240
0.54298298
0.54356356
0.54414414
0.54472472
0.54530531
0.54588589
0.54646647
0.54704705
0.54762763
0.54820821
0.54878879
0.54936937
0.54994995
0.55053053
0.55111111
0.55169169
0.55227227
0.55285285
0.55343343
0.55401401
0.55459459
0.55517518
0.55575576
0.55633634
0.55691692
0.55749750
0.55807808
0.55865866
0.55923924
0.55981982
0.56040040
0.56098098
0.56156156
0.56214214
0.56272272
0.56330330
0.56388388
0.56446446
0.56504505
0.56562563
0.56620621
0.56678679
0.56736737
0.56794795
0.56852853
0.56910911
0.56968969
0.57027027
0.57085085
0.57143143
0.57201201
0.57259259
0.57317317
0.57375375
0.57433433
0.57491491
0.57549550
0.57607608
0.57665666
0.57723724
0.57781782
0.57839840
0.57897898
0.57955956
0.58014014
0.58072072
0.58130130
0.58188188
0.58246246
0.58304304
0.58362362
0.58420420
0.58478478
0.58536537
0.58594595
0.58652653
0.58710711
0.58768769
0.58826827
0.58884885
0.58942943
0.59001001
0.59059059
0.59117117
0.59175175
0.59233233
0.59291291
0.59349349
0.59407407
0.59465465
0.59523524
0.59581582
0.59639640
0.59697698
0.59755756
0.59813814
0.59871872
0.59929930
0.59987988
0.60046046
0.60104104
0.60162162
0.60220220
0.60278278
0.60336336
0.60394394
0.60452452
0.60510511
0.60568569
0.60626627
0.60684685
0.60742743
0.60800801
0.60858859
0.60916917
0.60974975
0.61033033
0.61091091
0.61149149
0.61207207
0.61265265
0.61323323
0.61381381
0.61439439
0.61497497
0.61555556
0.61613614
0.61671672
0.61729730
0.61787788
0.61845846
0.61903904
0.61961962
0.62020020
0.62078078
0.62136136
0.62194194
0.62252252
0.62310310
0.62368368
0.62426426
0.62484484
0.62542543
0.62600601
0.62658659
0.62716717
0.62774775
0.62832833
0.62890891
0.62948949
0.63007007
0.63065065
0.63123123
0.63181181
0.63239239
0.63297297
0.63355355
0.63413413
0.63471471
0.63529530
0.63587588
0.63645646
0.63703704
0.63761762
0.63819820
0.63877878
0.63935936
0.63993994
0.64052052
0.64110110
0.64168168
0.64226226
0.64284284
0.64342342
0.64400400
0.64458458
0.64516517
0.64574575
0.64632633
0.64690691
0.64748749
0.64806807
0.64864865
0.64922923
0.64980981
0.65039039
0.65097097
0.65155155
0.65213213
0.65271271
0.65329329
0.65387387
0.65445445
0.65503504
0.65561562
0.65619620
0.65677678
0.65735736
0.65793794
0.65851852
0.65909910
0.65967968
0.66026026
0.66084084
0.66142142
0.66200200
0.66258258
0.66316316
0.66374374
0.66432432
0.66490490
0.66548549
0.66606607
0.66664665
0.66722723
0.66780781
0.66838839
0.66896897
0.66954955
0.67013013
0.67071071
0.67129129
0.67187187
0.67245245
0.67303303
0.67361361
0.67419419
0.67477477
0.67535536
0.67593594
0.67651652
0.67709710
0.67767768
0.67825826
0.67883884
0.67941942
0.68000000