0.10000000
0.10080080
0.10160160
0.10240240
0.10320320
0.10400400
0.10480480
0.10560561
0.10640641
0.10720721
0.10800801
0.10880881
0.10960961
0.11041041
0.11121121
0.11201201
0.11281281
0.11361361
0.11441441
0.11521522
0.11601602
0.11681682
0.11761762
0.11841842
0.11921922
0.12002002
0.12082082
0.12162162
0.12242242
0.12322322
0.12402402
0.12482482
0.12562563
0.12642643
0.12722723
0.12802803
0.12882883
0.12962963
0.13043043
0.13123123
0.13203203
0.13283283
0.13363363
0.13443443
0.13523524
0.13603604
0.13683684
0.13763764
0.13843844
0.13923924
0.14004004
0.14084084
0.14164164
0.14244244
0.14324324
0.14404404
0.14484484
0.14564565
0.14644645
0.14724725
0.14804805
0.14884885
0.14964965
0.15045045
0.15125125
0.15205205
0.15285285
0.15365365
0.15445445
0.15525526
0.15605606
0.15685686
0.15765766
0.15845846
0.15925926
0.16006006
0.16086086
0.16166166
0.16246246
0.16326326
0.16406406
0.16486486
0.16566567
0.16646647
0.16726727
0.16806807
0.16886887
0.16966967
0.17047047
0.17127127
0.17207207
0.17287287
0.17367367
0.17447447
0.17527528
0.17607608
0.17687688
0.17767768
0.17847848
0.17927928
0.18008008
0.18088088
0.18168168
0.18248248
0.18328328
0.18408408
0.18488488
0.18568569
0.18648649
0.18728729
0.18808809
0.18888889
0.18968969
0.19049049
0.19129129
0.19209209
0.19289289
0.19369369
0.19449449
0.19529530
0.19609610
0.19689690
0.19769770
0.19849850
0.19929930
0.20010010
0.20090090
0.20170170
0.20250250
0.20330330
0.20410410
0.20490490
0.20570571
0.20650651
0.20730731
0.20810811
0.20890891
0.20970971
0.21051051
0.21131131
0.21211211
0.21291291
0.21371371
0.21451451
0.21531532
0.21611612
0.21691692
0.21771772
0.21851852
0.21931932
0.22012012
0.22092092
0.22172172
0.22252252
0.22332332
0.22412412
0.22492492
0.22572573
0.22652653
0.22732733
0.22812813
0.22892893
0.22972973
0.23053053
0.23133133
0.23213213
0.23293293
0.23373373
0.23453453
0.23533534
0.23613614
0.23693694
0.23773774
0.23853854
0.23933934
0.24014014
0.24094094
0.24174174
0.24254254
0.24334334
0.24414414
0.24494494
0.24574575
0.24654655
0.24734735
0.24814815
0.24894895
0.24974975
0.25055055
0.25135135
0.25215215
0.25295295
0.25375375
0.25455455
0.25535536
0.25615616
0.25695696
0.25775776
0.25855856
0.25935936
0.26016016
0.26096096
0.26176176
0.26256256
0.26336336
0.26416416
0.26496496
0.26576577
0.26656657
0.26736737
0.26816817
0.26896897
0.26976977
0.27057057
0.27137137
0.27217217
0.27297297
0.27377377
0.27457457
0.27537538
0.27617618
0.27697698
0.27777778
0.27857858
0.27937938
0.28018018
0.28098098
0.28178178
0.28258258
0.28338338
0.28418418
0.28498498
0.28578579
0.28658659
0.28738739
0.28818819
0.28898899
0.28978979
0.29059059
0.29139139
0.29219219
0.29299299
0.29379379
0.29459459
0.29539540
0.29619620
0.29699700
0.29779780
0.29859860
0.29939940
0.30020020
0.30100100
0.30180180
0.30260260
0.30340340
0.30420420
0.30500501
0.30580581
0.30660661
0.30740741
0.30820821
0.30900901
0.30980981
0.31061061
0.31141141
0.31221221
0.31301301
0.31381381
0.31461461
0.31541542
0.31621622
0.31701702
0.31781782
0.31861862
0.31941942
0.32022022
0.32102102
0.32182182
0.32262262
0.32342342
0.32422422
0.32502503
0.32582583
0.32662663
0.32742743
0.32822823
0.32902903
0.32982983
0.33063063
0.33143143
0.33223223
0.33303303
0.33383383
0.33463463
0.33543544
0.33623624
0.33703704
0.33783784
0.33863864
0.33943944
0.34024024
0.34104104
0.34184184
0.34264264
0.34344344
0.34424424
0.34504505
0.34584585
0.34664665
0.34744745
0.34824825
0.34904905
0.34984985
0.35065065
0.35145145
0.35225225
0.35305305
0.35385385
0.35465465
0.35545546
0.35625626
0.35705706
0.35785786
0.35865866
0.35945946
0.36026026
0.36106106
0.36186186
0.36266266
0.36346346
0.36426426
0.36506507
0.36586587
0.36666667
0.36746747
0.36826827
0.36906907
0.36986987
0.37067067
0.37147147
0.37227227
0.37307307
0.37387387
0.37467467
0.37547548
0.37627628
0.37707708
0.37787788
0.37867868
0.37947948
0.38028028
0.38108108
0.38188188
0.38268268
0.38348348
0.38428428
0.38508509
0.38588589
0.38668669
0.38748749
0.38828829
0.38908909
0.38988989
0.39069069
0.39149149
0.39229229
0.39309309
0.39389389
0.39469469
0.39549550
0.39629630
0.39709710
0.39789790
0.39869870
0.39949950
0.40030030
0.40110110
0.40190190
0.40270270
0.40350350
0.40430430
0.40510511
0.40590591
0.40670671
0.40750751
0.40830831
0.40910911
0.40990991
0.41071071
0.41151151
0.41231231
0.41311311
0.41391391
0.41471471
0.41551552
0.41631632
0.41711712
0.41791792
0.41871872
0.41951952
0.42032032
0.42112112
0.42192192
0.42272272
0.42352352
0.42432432
0.42512513
0.42592593
0.42672673
0.42752753
0.42832833
0.42912913
0.42992993
0.43073073
0.43153153
0.43233233
0.43313313
0.43393393
0.43473473
0.43553554
0.43633634
0.43713714
0.43793794
0.43873874
0.43953954
0.44034034
0.44114114
0.44194194
0.44274274
0.44354354
0.44434434
0.44514515
0.44594595
0.44674675
0.44754755
0.44834835
0.44914915
0.44994995
0.45075075
0.45155155
0.45235235
0.45315315
0.45395395
0.45475475
0.45555556
0.45635636
0.45715716
0.45795796
0.45875876
0.45955956
0.46036036
0.46116116
0.46196196
0.46276276
0.46356356
0.46436436
0.46516517
0.46596597
0.46676677
0.46756757
0.46836837
0.46916917
0.46996997
0.47077077
0.47157157
0.47237237
0.47317317
0.47397397
0.47477477
0.47557558
0.47637638
0.47717718
0.47797798
0.47877878
0.47957958
0.48038038
0.48118118
0.48198198
0.48278278
0.48358358
0.48438438
0.48518519
0.48598599
0.48678679
0.48758759
0.48838839
0.48918919
0.48998999
0.49079079
0.49159159
0.49239239
0.49319319
0.49399399
0.49479479
0.49559560
0.49639640
0.49719720
0.49799800
0.49879880
0.49959960
0.50040040
0.50120120
0.50200200
0.50280280
0.50360360
0.50440440
0.50520521
0.50600601
0.50680681
0.50760761
0.50840841
0.50920921
0.51001001
0.51081081
0.51161161
0.51241241
0.51321321
0.51401401
0.51481481
0.51561562
0.51641642
0.51721722
0.51801802
0.51881882
0.51961962
0.52042042
0.52122122
0.52202202
0.52282282
0.52362362
0.52442442
0.52522523
0.52602603
0.52682683
0.52762763
0.52842843
0.52922923
0.53003003
0.53083083
0.53163163
0.53243243
0.53323323
0.53403403
0.53483483
0.53563564
0.53643644
0.53723724
0.53803804
0.53883884
0.53963964
0.54044044
0.54124124
0.54204204
0.54284284
0.54364364
0.54444444
0.54524525
0.54604605
0.54684685
0.54764765
0.54844845
0.54924925
0.55005005
0.55085085
0.55165165
0.55245245
0.55325325
0.55405405
0.55485485
0.55565566
0.55645646
0.55725726
0.55805806
0.55885886
0.55965966
0.56046046
0.56126126
0.56206206
0.56286286
0.56366366
0.56446446
0.56526527
0.56606607
0.56686687
0.56766767
0.56846847
0.56926927
0.57007007
0.57087087
0.57167167
0.57247247
0.57327327
0.57407407
0.57487487
0.57567568
0.57647648
0.57727728
0.57807808
0.57887888
0.57967968
0.58048048
0.58128128
0.58208208
0.58288288
0.58368368
0.58448448
0.58528529
0.58608609
0.58688689
0.58768769
0.58848849
0.58928929
0.59009009
0.59089089
0.59169169
0.59249249
0.59329329
0.59409409
0.59489489
0.59569570
0.59649650
0.59729730
0.59809810
0.59889890
0.59969970
0.60050050
0.60130130
0.60210210
0.60290290
0.60370370
0.60450450
0.60530531
0.60610611
0.60690691
0.60770771
0.60850851
0.60930931
0.61011011
0.61091091
0.61171171
0.61251251
0.61331331
0.61411411
0.61491491
0.61571572
0.61651652
0.61731732
0.61811812
0.61891892
0.61971972
0.62052052
0.62132132
0.62212212
0.62292292
0.62372372
0.62452452
0.62532533
0.62612613
0.62692693
0.62772773
0.62852853
0.62932933
0.63013013
0.63093093
0.63173173
0.63253253
0.63333333
0.63413413
0.63493493
0.63573574
0.63653654
0.63733734
0.63813814
0.63893894
0.63973974
0.64054054
0.64134134
0.64214214
0.64294294
0.64374374
0.64454454
0.64534535
0.64614615
0.64694695
0.64774775
0.64854855
0.64934935
0.65015015
0.65095095
0.65175175
0.65255255
0.65335335
0.65415415
0.65495495
0.65575576
0.65655656
0.65735736
0.65815816
0.65895896
0.65975976
0.66056056
0.66136136
0.66216216
0.66296296
0.66376376
0.66456456
0.66536537
0.66616617
0.66696697
0.66776777
0.66856857
0.66936937
0.67017017
0.67097097
0.67177177
0.67257257
0.67337337
0.67417417
0.67497497
0.67577578
0.67657658
0.67737738
0.67817818
0.67897898
0.67977978
0.68058058
0.68138138
0.68218218
0.68298298
0.68378378
0.68458458
0.68538539
0.68618619
0.68698699
0.68778779
0.68858859
0.68938939
0.69019019
0.69099099
0.69179179
0.69259259
0.69339339
0.69419419
0.69499499
0.69579580
0.69659660
0.69739740
0.69819820
0.69899900
0.69979980
0.70060060
0.70140140
0.70220220
0.70300300
0.70380380
0.70460460
0.70540541
0.70620621
0.70700701
0.70780781
0.70860861
0.70940941
0.71021021
0.71101101
0.71181181
0.71261261
0.71341341
0.71421421
0.71501502
0.71581582
0.71661662
0.71741742
0.71821822
0.71901902
0.71981982
0.72062062
0.72142142
0.72222222
0.72302302
0.72382382
0.72462462
0.72542543
0.72622623
0.72702703
0.72782783
0.72862863
0.72942943
0.73023023
0.73103103
0.73183183
0.73263263
0.73343343
0.73423423
0.73503504
0.73583584
0.73663664
0.73743744
0.73823824
0.73903904
0.73983984
0.74064064
0.74144144
0.74224224
0.74304304
0.74384384
0.74464464
0.74544545
0.74624625
0.74704705
0.74784785
0.74864865
0.74944945
0.75025025
0.75105105
0.75185185
0.75265265
0.75345345
0.75425425
0.75505506
0.75585586
0.75665666
0.75745746
0.75825826
0.75905906
0.75985986
0.76066066
0.76146146
0.76226226
0.76306306
0.76386386
0.76466466
0.76546547
0.76626627
0.76706707
0.76786787
0.76866867
0.76946947
0.77027027
0.77107107
0.77187187
0.77267267
0.77347347
0.77427427
0.77507508
0.77587588
0.77667668
0.77747748
0.77827828
0.77907908
0.77987988
0.78068068
0.78148148
0.78228228
0.78308308
0.78388388
0.78468468
0.78548549
0.78628629
0.78708709
0.78788789
0.78868869
0.78948949
0.79029029
0.79109109
0.79189189
0.79269269
0.79349349
0.79429429
0.79509510
0.79589590
0.79669670
0.79749750
0.79829830
0.79909910
0.79989990
0.80070070
0.80150150
0.80230230
0.80310310
0.80390390
0.80470470
0.80550551
0.80630631
0.80710711
0.80790791
0.80870871
0.80950951
0.81031031
0.81111111
0.81191191
0.81271271
0.81351351
0.81431431
0.81511512
0.81591592
0.81671672
0.81751752
0.81831832
0.81911912
0.81991992
0.82072072
0.82152152
0.82232232
0.82312312
0.82392392
0.82472472
0.82552553
0.82632633
0.82712713
0.82792793
0.82872873
0.82952953
0.83033033
0.83113113
0.83193193
0.83273273
0.83353353
0.83433433
0.83513514
0.83593594
0.83673674
0.83753754
0.83833834
0.83913914
0.83993994
0.84074074
0.84154154
0.84234234
0.84314314
0.84394394
0.84474474
0.84554555
0.84634635
0.84714715
0.84794795
0.84874875
0.84954955
0.85035035
0.85115115
0.85195195
0.85275275
0.85355355
0.85435435
0.85515516
0.85595596
0.85675676
0.85755756
0.85835836
0.85915916
0.85995996
0.86076076
0.86156156
0.86236236
0.86316316
0.86396396
0.86476476
0.86556557
0.86636637
0.86716717
0.86796797
0.86876877
0.86956957
0.87037037
0.87117117
0.87197197
0.87277277
0.87357357
0.87437437
0.87517518
0.87597598
0.87677678
0.87757758
0.87837838
0.87917918
0.87997998
0.88078078
0.88158158
0.88238238
0.88318318
0.88398398
0.88478478
0.88558559
0.88638639
0.88718719
0.88798799
0.88878879
0.88958959
0.89039039
0.89119119
0.89199199
0.89279279
0.89359359
0.89439439
0.89519520
0.89599600
0.89679680
0.89759760
0.89839840
0.89919920
0.90000000