0.14000000
0.14026101
0.14052250
0.14078449
0.14104696
0.14130992
0.14157337
0.14183731
0.14210175
0.14236668
0.14263210
0.14289801
0.14316443
0.14343133
0.14369874
0.14396665
0.14423505
0.14450395
0.14477336
0.14504327
0.14531368
0.14558460
0.14585602
0.14612794
0.14640038
0.14667332
0.14694677
0.14722073
0.14749520
0.14777018
0.14804568
0.14832169
0.14859821
0.14887525
0.14915281
0.14943088
0.14970947
0.14998858
0.15026821
0.15054837
0.15082904
0.15111024
0.15139196
0.15167421
0.15195698
0.15224029
0.15252411
0.15280847
0.15309336
0.15337878
0.15366473
0.15395122
0.15423824
0.15452579
0.15481388
0.15510251
0.15539167
0.15568138
0.15597162
0.15626241
0.15655374
0.15684561
0.15713802
0.15743098
0.15772449
0.15801854
0.15831315
0.15860830
0.15890400
0.15920025
0.15949706
0.15979442
0.16009233
0.16039080
0.16068982
0.16098940
0.16128954
0.16159024
0.16189151
0.16219333
0.16249571
0.16279866
0.16310218
0.16340626
0.16371090
0.16401612
0.16432190
0.16462825
0.16493518
0.16524268
0.16555075
0.16585939
0.16616861
0.16647841
0.16678878
0.16709973
0.16741127
0.16772338
0.16803607
0.16834935
0.16866322
0.16897766
0.16929270
0.16960832
0.16992453
0.17024133
0.17055872
0.17087670
0.17119527
0.17151444
0.17183420
0.17215456
0.17247552
0.17279707
0.17311923
0.17344198
0.17376534
0.17408930
0.17441386
0.17473903
0.17506480
0.17539119
0.17571818
0.17604578
0.17637399
0.17670281
0.17703225
0.17736230
0.17769296
0.17802425
0.17835615
0.17868866
0.17902180
0.17935556
0.17968994
0.18002495
0.18036058
0.18069683
0.18103372
0.18137123
0.18170937
0.18204814
0.18238754
0.18272757
0.18306824
0.18340954
0.18375148
0.18409406
0.18443728
0.18478113
0.18512563
0.18547077
0.18581655
0.18616298
0.18651005
0.18685777
0.18720614
0.18755516
0.18790483
0.18825515
0.18860612
0.18895775
0.18931003
0.18966297
0.19001657
0.19037083
0.19072574
0.19108132
0.19143757
0.19179447
0.19215205
0.19251028
0.19286919
0.19322877
0.19358901
0.19394993
0.19431152
0.19467379
0.19503673
0.19540034
0.19576464
0.19612961
0.19649527
0.19686160
0.19722862
0.19759633
0.19796471
0.19833379
0.19870355
0.19907401
0.19944515
0.19981699
0.20018952
0.20056274
0.20093666
0.20131127
0.20168659
0.20206260
0.20243932
0.20281674
0.20319486
0.20357369
0.20395322
0.20433346
0.20471441
0.20509607
0.20547844
0.20586152
0.20624532
0.20662983
0.20701506
0.20740101
0.20778768
0.20817507
0.20856318
0.20895202
0.20934158
0.20973186
0.21012288
0.21051462
0.21090709
0.21130030
0.21169423
0.21208891
0.21248431
0.21288046
0.21327734
0.21367497
0.21407333
0.21447244
0.21487229
0.21527289
0.21567423
0.21607633
0.21647917
0.21688276
0.21728711
0.21769221
0.21809806
0.21850467
0.21891204
0.21932017
0.21972906
0.22013871
0.22054913
0.22096031
0.22137226
0.22178497
0.22219846
0.22261271
0.22302774
0.22344354
0.22386012
0.22427747
0.22469561
0.22511452
0.22553421
0.22595468
0.22637594
0.22679799
0.22722082
0.22764444
0.22806885
0.22849405
0.22892004
0.22934683
0.22977441
0.23020279
0.23063197
0.23106195
0.23149273
0.23192431
0.23235670
0.23278989
0.23322390
0.23365871
0.23409433
0.23453076
0.23496801
0.23540607
0.23584495
0.23628465
0.23672517
0.23716651
0.23760867
0.23805165
0.23849547
0.23894011
0.23938557
0.23983187
0.24027900
0.24072697
0.24117577
0.24162540
0.24207588
0.24252719
0.24297935
0.24343235
0.24388619
0.24434088
0.24479642
0.24525280
0.24571004
0.24616813
0.24662707
0.24708687
0.24754753
0.24800904
0.24847142
0.24893466
0.24939876
0.24986373
0.25032956
0.25079626
0.25126383
0.25173228
0.25220160
0.25267179
0.25314286
0.25361480
0.25408763
0.25456134
0.25503593
0.25551141
0.25598777
0.25646502
0.25694316
0.25742219
0.25790212
0.25838294
0.25886466
0.25934727
0.25983078
0.26031520
0.26080052
0.26128674
0.26177387
0.26226191
0.26275086
0.26324072
0.26373149
0.26422318
0.26471578
0.26520931
0.26570375
0.26619912
0.26669540
0.26719262
0.26769076
0.26818983
0.26868983
0.26919076
0.26969263
0.27019543
0.27069917
0.27120384
0.27170946
0.27221603
0.27272353
0.27323198
0.27374138
0.27425173
0.27476304
0.27527529
0.27578850
0.27630267
0.27681779
0.27733388
0.27785092
0.27836894
0.27888791
0.27940786
0.27992877
0.28045066
0.28097352
0.28149735
0.28202216
0.28254795
0.28307472
0.28360247
0.28413120
0.28466092
0.28519163
0.28572333
0.28625601
0.28678970
0.28732437
0.28786005
0.28839672
0.28893439
0.28947307
0.29001274
0.29055343
0.29109512
0.29163783
0.29218154
0.29272627
0.29327202
0.29381878
0.29436656
0.29491536
0.29546519
0.29601604
0.29656792
0.29712082
0.29767476
0.29822973
0.29878573
0.29934278
0.29990086
0.30045998
0.30102014
0.30158135
0.30214360
0.30270690
0.30327125
0.30383666
0.30440311
0.30497063
0.30553920
0.30610883
0.30667953
0.30725129
0.30782411
0.30839800
0.30897296
0.30954900
0.31012611
0.31070429
0.31128355
0.31186389
0.31244532
0.31302782
0.31361142
0.31419610
0.31478187
0.31536874
0.31595669
0.31654575
0.31713590
0.31772715
0.31831951
0.31891297
0.31950753
0.32010321
0.32069999
0.32129789
0.32189690
0.32249703
0.32309828
0.32370064
0.32430414
0.32490875
0.32551450
0.32612137
0.32672937
0.32733851
0.32794879
0.32856020
0.32917275
0.32978644
0.33040128
0.33101726
0.33163440
0.33225268
0.33287211
0.33349271
0.33411445
0.33473736
0.33536143
0.33598666
0.33661306
0.33724062
0.33786935
0.33849926
0.33913034
0.33976260
0.34039604
0.34103066
0.34166646
0.34230344
0.34294162
0.34358098
0.34422153
0.34486328
0.34550623
0.34615038
0.34679572
0.34744227
0.34809002
0.34873899
0.34938916
0.35004054
0.35069314
0.35134695
0.35200199
0.35265824
0.35331572
0.35397443
0.35463436
0.35529552
0.35595792
0.35662155
0.35728642
0.35795252
0.35861987
0.35928847
0.35995830
0.36062939
0.36130173
0.36197533
0.36265018
0.36332628
0.36400365
0.36468228
0.36536218
0.36604334
0.36672577
0.36740948
0.36809446
0.36878072
0.36946825
0.37015707
0.37084717
0.37153856
0.37223124
0.37292521
0.37362047
0.37431703
0.37501489
0.37571405
0.37641451
0.37711628
0.37781936
0.37852375
0.37922945
0.37993646
0.38064480
0.38135445
0.38206543
0.38277774
0.38349137
0.38420633
0.38492263
0.38564026
0.38635923
0.38707953
0.38780119
0.38852418
0.38924853
0.38997423
0.39070127
0.39142968
0.39215944
0.39289056
0.39362305
0.39435690
0.39509212
0.39582871
0.39656667
0.39730601
0.39804673
0.39878883
0.39953231
0.40027718
0.40102344
0.40177109
0.40252013
0.40327057
0.40402240
0.40477564
0.40553029
0.40628634
0.40704380
0.40780267
0.40856296
0.40932466
0.41008779
0.41085233
0.41161831
0.41238571
0.41315454
0.41392480
0.41469651
0.41546965
0.41624423
0.41702025
0.41779772
0.41857665
0.41935702
0.42013885
0.42092213
0.42170688
0.42249309
0.42328077
0.42406991
0.42486052
0.42565261
0.42644618
0.42724122
0.42803775
0.42883576
0.42963526
0.43043625
0.43123874
0.43204272
0.43284820
0.43365518
0.43446366
0.43527366
0.43608516
0.43689818
0.43771271
0.43852876
0.43934633
0.44016542
0.44098605
0.44180820
0.44263188
0.44345711
0.44428387
0.44511217
0.44594201
0.44677340
0.44760635
0.44844084
0.44927689
0.45011450
0.45095367
0.45179441
0.45263671
0.45348059
0.45432603
0.45517306
0.45602166
0.45687184
0.45772361
0.45857697
0.45943192
0.46028846
0.46114660
0.46200634
0.46286768
0.46373063
0.46459518
0.46546135
0.46632914
0.46719854
0.46806956
0.46894220
0.46981648
0.47069238
0.47156992
0.47244909
0.47332990
0.47421235
0.47509645
0.47598220
0.47686959
0.47775865
0.47864935
0.47954173
0.48043576
0.48133146
0.48222883
0.48312787
0.48402859
0.48493099
0.48583507
0.48674084
0.48764830
0.48855744
0.48946829
0.49038083
0.49129507
0.49221102
0.49312867
0.49404803
0.49496911
0.49589191
0.49681643
0.49774267
0.49867063
0.49960033
0.50053176
0.50146493
0.50239983
0.50333648
0.50427488
0.50521502
0.50615692
0.50710058
0.50804599
0.50899316
0.50994211
0.51089282
0.51184530
0.51279956
0.51375560
0.51471342
0.51567302
0.51663442
0.51759761
0.51856259
0.51952937
0.52049796
0.52146835
0.52244055
0.52341456
0.52439039
0.52536804
0.52634751
0.52732880
0.52831193
0.52929689
0.53028368
0.53127232
0.53226280
0.53325512
0.53424930
0.53524532
0.53624321
0.53724295
0.53824456
0.53924804
0.54025339
0.54126061
0.54226971
0.54328069
0.54429356
0.54530831
0.54632496
0.54734350
0.54836394
0.54938628
0.55041053
0.55143669
0.55246476
0.55349475
0.55452665
0.55556049
0.55659625
0.55763394
0.55867356
0.55971513
0.56075863
0.56180408
0.56285148
0.56390083
0.56495214
0.56600541
0.56706064
0.56811784
0.56917702
0.57023816
0.57130128
0.57236639
0.57343348
0.57450256
0.57557364
0.57664671
0.57772178
0.57879886
0.57987794
0.58095904
0.58204215
0.58312728
0.58421443
0.58530361
0.58639482
0.58748807
0.58858335
0.58968068
0.59078005
0.59188147
0.59298495
0.59409048
0.59519807
0.59630773
0.59741946
0.59853326
0.59964913
0.60076709
0.60188713
0.60300926
0.60413348
0.60525979
0.60638821
0.60751873
0.60865136
0.60978610
0.61092295
0.61206193
0.61320303
0.61434625
0.61549161
0.61663910
0.61778873
0.61894051
0.62009443
0.62125050
0.62240873
0.62356912
0.62473167
0.62589639
0.62706328
0.62823235
0.62940359
0.63057702
0.63175264
0.63293045
0.63411045
0.63529265
0.63647706
0.63766368
0.63885251
0.64004355
0.64123682
0.64243231
0.64363003
0.64482998
0.64603217
0.64723660
0.64844328
0.64965220
0.65086338
0.65207682
0.65329252
0.65451049
0.65573072
0.65695323
0.65817803
0.65940510
0.66063446
0.66186612
0.66310007
0.66433632
0.66557487
0.66681574
0.66805892
0.66930441
0.67055223
0.67180238
0.67305485
0.67430966
0.67556681
0.67682631
0.67808815
0.67935234
0.68061889
0.68188780
0.68315908
0.68443273
0.68570875
0.68698715
0.68826794
0.68955111
0.69083668
0.69212464
0.69341500
0.69470777
0.69600295
0.69730054
0.69860056
0.69990299
0.70120786
0.70251516
0.70382489
0.70513707
0.70645169
0.70776876
0.70908829
0.71041028
0.71173474
0.71306166
0.71439106
0.71572293
0.71705729
0.71839414
0.71973347
0.72107531
0.72241965
0.72376649
0.72511585
0.72646772
0.72782211
0.72917902
0.73053847
0.73190045
0.73326497
0.73463203
0.73600164
0.73737381
0.73874853
0.74012582
0.74150567
0.74288810
0.74427310
0.74566069
0.74705086
0.74844362
0.74983899
0.75123695
0.75263752
0.75404070
0.75544649
0.75685491
0.75826595
0.75967963
0.76109594
0.76251489
0.76393648
0.76536073
0.76678763
0.76821719
0.76964942
0.77108431
0.77252188
0.77396214
0.77540507
0.77685070
0.77829902
0.77975004
0.78120377
0.78266021
0.78411936
0.78558124
0.78704583
0.78851316
0.78998323
0.79145604
0.79293159
0.79440989
0.79589095
0.79737477
0.79886135
0.80035071
0.80184285
0.80333776
0.80483547
0.80633596
0.80783925
0.80934535
0.81085425
0.81236597
0.81388051
0.81539786
0.81691805
0.81844107
0.81996693
0.82149564
0.82302720
0.82456161
0.82609888
0.82763902
0.82918203
0.83072791
0.83227668
0.83382834
0.83538289
0.83694033
0.83850068
0.84006394
0.84163012
0.84319921
0.84477123
0.84634618
0.84792406
0.84950489
0.85108867
0.85267539
0.85426508
0.85585773
0.85745335
0.85905194
0.86065352
0.86225808
0.86386563
0.86547618
0.86708973
0.86870629
0.87032586
0.87194845
0.87357407
0.87520272
0.87683440
0.87846913
0.88010691
0.88174773
0.88339162
0.88503857
0.88668859
0.88834169
0.88999787
0.89165714
0.89331950
0.89498496
0.89665353
0.89832521
0.90000000