30000000.00000000
1334368.73435670
840034.39397033
640635.01344436
528476.71582057
455120.88100003
402760.38305515
363180.84531739
332023.57541432
306742.83493572
285743.60649915
267971.36519490
252698.64145810
239405.96315931
227711.62578792
217328.31837432
208035.28562055
199659.86777139
192064.90982315
185139.96103986
178794.98998382
172955.80968809
167560.69055912
162557.81409315
157903.33213425
153559.86906493
149495.35259490
145682.09149084
142096.04108852
138716.21316240
135524.19788988
132503.77367085
129640.58640195
126921.88410209
124336.29598224
121873.64745300
119524.80438389
117281.54131997
115136.42943427
113082.74082809
111114.36644319
109225.74536379
107411.80369325
105667.90151549
103989.78671153
102373.55461199
100815.61263684
99312.64921239
97861.60636964
96459.65552146
95104.17599334
93792.73594674
92523.07538725
91293.09099474
90100.82254962
88944.44076155
87822.23633282
86732.61011190
85674.06421134
84645.19398085
83644.68074026
82671.28518918
81723.84142027
80801.25147231
79902.48036651
79026.55157649
78172.54288800
77339.58260954
76526.84609934
75733.55257816
74958.96220056
74202.37336033
73463.12020843
72740.57036387
72034.12280023
71343.20589212
70667.27560754
70005.81383344
69358.32682319
68724.34375555
68103.41539583
67495.11285088
66899.02641025
66314.76446659
65741.95250888
65180.23218303
64629.26041430
64088.70858702
63558.26177725
63037.61803425
62526.48770730
62024.59281448
61531.66645039
61047.45222997
60571.70376587
60104.18417709
59644.66562657
59192.92888590
58748.76292515
58311.96452626
57882.33791830
57459.69443330
57043.85218109
56634.63574215
56231.87587717
55835.40925230
55445.07817907
55060.73036817
54682.21869604
54309.40098373
53942.13978708
53580.30219763
53223.75965361
52872.38776046
52526.06612018
52184.67816920
51848.11102410
51516.25533484
51189.00514502
50866.25775881
50547.91361421
50233.87616212
49924.05175119
49618.34951787
49316.68128150
49018.96144420
48725.10689524
48435.03691964
48148.67311090
47865.93928747
47586.76141296
47311.06751971
47038.78763570
46769.85371456
46504.19956854
46241.76080428
45982.47476128
45726.28045291
45473.11850982
45222.93112568
44975.66200511
44731.25631373
44489.66063012
44250.82289979
44014.69239088
43781.21965166
43550.35646960
43322.05583207
43096.27188857
42872.95991431
42652.07627524
42433.57839439
42217.42471939
42003.57469130
41791.98871450
41582.62812774
41375.45517616
41170.43298446
40967.52553087
40766.69762215
40567.91486947
40371.14366508
40176.35115987
39983.50524166
39792.57451422
39603.52827711
39416.33650608
39230.96983423
39047.39953376
38865.59749836
38685.53622614
38507.18880318
38330.52888758
38155.53069408
37982.16897910
37810.41902636
37640.25663290
37471.65809556
37304.60019790
37139.06019752
36975.01581380
36812.44521601
36651.32701178
36491.64023594
36333.36433972
36176.47918023
36020.96501031
35866.80246868
35713.97257035
35562.45669737
35412.23658982
35263.29433705
35115.61236925
34969.17344920
34823.96066427
34679.95741869
34537.14742599
34395.51470173
34255.04355633
34115.71858823
33977.52467714
33840.44697755
33704.47091237
33569.58216677
33435.76668222
33303.01065064
33171.30050873
33040.62293251
32910.96483190
32782.31334553
32654.65583570
32527.97988339
32402.27328349
32277.52404012
32153.72036206
32030.85065832
31908.90353385
31787.86778530
31667.73239695
31548.48653668
31430.11955216
31312.62096698
31195.98047699
31080.18794675
30965.23340592
30851.10704596
30737.79921670
30625.30042315
30513.60132230
30402.69272007
30292.56556823
30183.21096152
30074.62013476
29966.78446003
29859.69544397
29753.34472511
29647.72407125
29542.82537694
29438.64066098
29335.16206401
29232.38184617
29130.29238475
29028.88617196
28928.15581273
28828.09402255
28728.69362539
28629.94755159
28531.84883595
28434.39061568
28337.56612853
28241.36871091
28145.79179607
28050.82891230
27956.47368116
27862.71981582
27769.56111935
27676.99148311
27585.00488513
27493.59538855
27402.75714010
27312.48436862
27222.77138354
27133.61257352
27045.00240499
26956.93542080
26869.40623890
26782.40955098
26695.94012124
26609.99278509
26524.56244791
26439.64408390
26355.23273484
26271.32350895
26187.91157979
26104.99218511
26022.56062577
25940.61226470
25859.14252584
25778.14689312
25697.62090945
25617.56017577
25537.96035006
25458.81714641
25380.12633409
25301.88373667
25224.08523111
25146.72674688
25069.80426515
24993.31381793
24917.25148725
24841.61340435
24766.39574892
24691.59474831
24617.20667678
24543.22785473
24469.65464804
24396.48346727
24323.71076704
24251.33304527
24179.34684255
24107.74874150
24036.53536605
23965.70338087
23895.24949071
23825.17043979
23755.46301122
23686.12402637
23617.15034434
23548.53886134
23480.28651016
23412.39025964
23344.84711408
23277.65411274
23210.80832934
23144.30687151
23078.14688032
23012.32552977
22946.84002631
22881.68760839
22816.86554594
22752.37113997
22688.20172209
22624.35465408
22560.82732742
22497.61716293
22434.72161029
22372.13814766
22309.86428127
22247.89754500
22186.23550004
22124.87573444
22063.81586279
22003.05352582
21942.58639002
21882.41214733
21822.52851474
21762.93323397
21703.62407111
21644.59881631
21585.85528342
21527.39130970
21469.20475545
21411.29350377
21353.65546018
21296.28855236
21239.19072983
21182.35996368
21125.79424624
21069.49159086
21013.45003157
20957.66762281
20902.14243922
20846.87257531
20791.85614520
20737.09128242
20682.57613960
20628.30888823
20574.28771843
20520.51083871
20466.97647572
20413.68287401
20360.62829582
20307.81102083
20255.22934596
20202.88158514
20150.76606908
20098.88114507
20047.22517678
19995.79654404
19944.59364263
19893.61488410
19842.85869554
19792.32351944
19742.00781344
19691.91005017
19642.02871706
19592.36231618
19542.90936400
19493.66839129
19444.63794288
19395.81657753
19347.20286772
19298.79539953
19250.59277245
19202.59359921
19154.79650563
19107.20013048
19059.80312528
19012.60415421
18965.60189388
18918.79503326
18872.18227348
18825.76232772
18779.53392104
18733.49579026
18687.64668380
18641.98536157
18596.51059483
18551.22116603
18506.11586871
18461.19350737
18416.45289733
18371.89286460
18327.51224578
18283.30988793
18239.28464842
18195.43539486
18151.76100495
18108.26036638
18064.93237671
18021.77594326
17978.78998300
17935.97342245
17893.32519754
17850.84425355
17808.52954499
17766.38003546
17724.39469761
17682.57251300
17640.91247199
17599.41357370
17558.07482584
17516.89524468
17475.87385491
17435.00968958
17394.30178997
17353.74920556
17313.35099388
17273.10622045
17233.01395870
17193.07328987
17153.28330294
17113.64309453
17074.15176884
17034.80843754
16995.61221972
16956.56224178
16917.65763739
16878.89754739
16840.28111969
16801.80750927
16763.47587801
16725.28539470
16687.23523491
16649.32458096
16611.55262182
16573.91855305
16536.42157675
16499.06090146
16461.83574212
16424.74531999
16387.78886259
16350.96560363
16314.27478296
16277.71564649
16241.28744614
16204.98943978
16168.82089116
16132.78106984
16096.86925118
16061.08471622
16025.42675167
15989.89464982
15954.48770850
15919.20523104
15884.04652617
15849.01090801
15814.09769600
15779.30621485
15744.63579448
15710.08576997
15675.65548153
15641.34427442
15607.15149891
15573.07651025
15539.11866858
15505.27733894
15471.55189117
15437.94169988
15404.44614443
15371.06460883
15337.79648177
15304.64115648
15271.59803078
15238.66650697
15205.84599183
15173.13589655
15140.53563668
15108.04463214
15075.66230711
15043.38809004
15011.22141359
14979.16171461
14947.20843405
14915.36101698
14883.61891253
14851.98157382
14820.44845799
14789.01902609
14757.69274310
14726.46907787
14695.34750308
14664.32749520
14633.40853449
14602.59010491
14571.87169415
14541.25279353
14510.73289803
14480.31150619
14449.98812015
14419.76224555
14389.63339156
14359.60107078
14329.66479928
14299.82409650
14270.07848529
14240.42749182
14210.87064559
14181.40747936
14152.03752916
14122.76033425
14093.57543708
14064.48238327
14035.48072159
14006.57000389
13977.74978514
13949.01962337
13920.37907960
13891.82771790
13863.36510530
13834.99081177
13806.70441022
13778.50547647
13750.39358919
13722.36832992
13694.42928303
13666.57603567
13638.80817778
13611.12530205
13583.52700392
13556.01288150
13528.58253561
13501.23556972
13473.97158993
13446.79020498
13419.69102618
13392.67366742
13365.73774513
13338.88287827
13312.10868832
13285.41479923
13258.80083742
13232.26643174
13205.81121350
13179.43481636
13153.13687641
13126.91703206
13100.77492411
13074.71019564
13048.72249207
13022.81146107
12996.97675260
12971.21801886
12945.53491429
12919.92709553
12894.39422141
12868.93595294
12843.55195328
12818.24188775
12793.00542377
12767.84223087
12742.75198067
12717.73434686
12692.78900519
12667.91563344
12643.11391141
12618.38352091
12593.72414573
12569.13547164
12544.61718638
12520.16897960
12495.79054290
12471.48156978
12447.24175563
12423.07079775
12398.96839527
12374.93424919
12350.96806233
12327.06953936
12303.23838672
12279.47431267
12255.77702724
12232.14624223
12208.58167119
12185.08302940
12161.65003386
12138.28240331
12114.97985815
12091.74212049
12068.56891411
12045.45996442
12022.41499851
11999.43374509
11976.51593449
11953.66129864
11930.86957108
11908.14048692
11885.47378286
11862.86919714
11840.32646956
11817.84534144
11795.42555564
11773.06685654
11750.76898999
11728.53170335
11706.35474547
11684.23786665
11662.18081864
11640.18335467
11618.24522935
11596.36619878
11574.54602041
11552.78445313
11531.08125723
11509.43619435
11487.84902752
11466.31952114
11444.84744094
11423.43255400
11402.07462876
11380.77343494
11359.52874358
11338.34032706
11317.20795900
11296.13141435
11275.11046930
11254.14490133
11233.23448916
11212.37901276
11191.57825335
11170.83199336
11150.14001645
11129.50210749
11108.91805256
11088.38763892
11067.91065502
11047.48689050
11027.11613614
11006.79818391
10986.53282692
10966.31985941
10946.15907678
10926.05027555
10905.99325333
10885.98780889
10866.03374207
10846.13085382
10826.27894617
10806.47782223
10786.72728619
10767.02714331
10747.37719989
10727.77726329
10708.22714193
10688.72664522
10669.27558366
10649.87376872
10630.52101291
10611.21712974
10591.96193372
10572.75524036
10553.59686615
10534.48662857
10515.42434605
10496.40983801
10477.44292483
10458.52342782
10439.65116926
10420.82597235
10402.04766126
10383.31606104
10364.63099770
10345.99229814
10327.39979018
10308.85330254
10290.35266485
10271.89770760
10253.48826220
10235.12416090
10216.80523687
10198.53132410
10180.30225746
10162.11787270
10143.97800637
10125.88249591
10107.83117957
10089.82389644
10071.86048644
10053.94079032
10036.06464962
10018.23190671
10000.44240477
9982.69598778
9964.99250049
9947.33178847
9929.71369805
9912.13807637
9894.60477132
9877.11363155
9859.66450651
9842.25724638
9824.89170210
9807.56772536
9790.28516861
9773.04388502
9755.84372850
9738.68455369
9721.56621596
9704.48857140
9687.45147681
9670.45478971
9653.49836832
9636.58207157
9619.70575908
9602.86929117
9586.07252885
9569.31533379
9552.59756839
9535.91909568
9519.27977938
9502.67948388
9486.11807423
9469.59541614
9453.11137598
9436.66582075
9420.25861812
9403.88963640
9387.55874452
9371.26581207
9355.01070925
9338.79330690
9322.61347648
9306.47109005
9290.36602033
9274.29814060
9258.26732478
9242.27344738
9226.31638352
9210.39600891
9194.51219986
9178.66483324
9162.85378655
9147.07893784
9131.34016574
9115.63734948
9099.97036883
9084.33910415
9068.74343635
9053.18324690
9037.65841784
9022.16883176
9006.71437178
8991.29492161
8975.91036546
8960.56058811
8945.24547486
8929.96491155
8914.71878456
8899.50698077
8884.32938763
8869.18589306
8854.07638555
8839.00075405
8823.95888807
8808.95067760
8793.97601315
8779.03478573
8764.12688685
8749.25220850
8734.41064320
8719.60208393
8704.82642417
8690.08355788
8675.37337952
8660.69578400
8646.05066673
8631.43792359
8616.85745093
8602.30914556
8587.79290477
8573.30862630
8558.85620836
8544.43554961
8530.04654917
8515.68910661
8501.36312196
8487.06849567
8472.80512866
8458.57292229
8444.37177835
8430.20159906
8416.06228711
8401.95374557
8387.87587797
8373.82858828
8359.81178086
8345.82536051
8331.86923246
8317.94330234
8304.04747619
8290.18166049
8276.34576210
8262.53968831
8248.76334680
8235.01664566
8221.29949339
8207.61179886
8193.95347137
8180.32442059
8166.72455660
8153.15378986
8139.61203121
8126.09919189
8112.61518352
8099.15991809
8085.73330797
8072.33526593
8058.96570510
8045.62453896
8032.31168139
8019.02704664
8005.77054930
7992.54210436
7979.34162713
7966.16903331
7953.02423896
7939.90716049
7926.81771464
7913.75581855
7900.72138966
7887.71434581
7874.73460514
7861.78208616
7848.85670772
7835.95838901
7823.08704956
7810.24260923
7797.42498822
7784.63410706
7771.86988663
7759.13224812
7746.42111306
7733.73640328
7721.07804098
7708.44594865
7695.84004910
7683.26026549
7670.70652125
7658.17874018
7645.67684635
7633.20076416
7620.75041833
7608.32573388
7595.92663613
7583.55305072
7571.20490359
7558.88212098
7546.58462942
7534.31235577
7522.06522716
7509.84317103
7497.64611511
7485.47398743
7473.32671629
7461.20423031
7449.10645838
7437.03332969
7424.98477370
7412.96072016
7400.96109911
7388.98584086
7377.03487601
7365.10813544
7353.20555028
7341.32705198
7329.47257223
7317.64204299
7305.83539652
7294.05256532
7282.29348218
7270.55808015
7258.84629254
7247.15805292
7235.49329513
7223.85195329
7212.23396174
7200.63925512
7189.06776829
7177.51943639
7165.99419482
7154.49197920
7143.01272545
7131.55636969
7120.12284833
7108.71209801
7097.32405562
7085.95865829
7074.61584341
7063.29554859
7051.99771171
7040.72227088
7029.46916443
7018.23833095
7007.02970926
6995.84323843
6984.67885774
6973.53650672
6962.41612513
6951.31765296
6940.24103043
6929.18619799
6918.15309632
6907.14166631
6896.15184911
6885.18358606
6874.23681874
6863.31148895
6852.40753871
6841.52491027
6830.66354607
6819.82338881
6809.00438136
6798.20646685
6787.42958860
6776.67369015
6765.93871524
6755.22460784
6744.53131212
6733.85877247
6723.20693348
6712.57573993
6701.96513684
6691.37506942
6680.80548308
6670.25632344
6659.72753632
6649.21906774
6638.73086391
6628.26287127
6617.81503643
6607.38730621
6596.97962762
6586.59194788
6576.22421437
6565.87637471
6555.54837669
6545.24016828
6534.95169765
6524.68291318
6514.43376341
6504.20419709
6493.99416313
6483.80361067
6473.63248899
6463.48074758
6453.34833610
6443.23520442
6433.14130256
6423.06658073
6413.01098934
6402.97447895
6392.95700031
6382.95850437
6372.97894221
6363.01826514
6353.07642460
6343.15337223
6333.24905983
6323.36343939
6313.49646305
6303.64808314
6293.81825215
6284.00692274
6274.21404774
6264.43958015
6254.68347314
6244.94568005
6235.22615436
6225.52484974
6215.84172002
6206.17671918
6196.52980139
6186.90092096
6177.29003236
6167.69709023
6158.12204936
6148.56486471
6139.02549139
6129.50388468
6119.99999999