0.10000000
0.10022018
0.10044085
0.10066201
0.10088365
0.10110578
0.10132840
0.10155151
0.10177511
0.10199920
0.10222379
0.10244887
0.10267445
0.10290052
0.10312709
0.10335416
0.10358173
0.10380980
0.10403837
0.10426745
0.10449703
0.10472712
0.10495771
0.10518881
0.10542042
0.10565254
0.10588517
0.10611831
0.10635197
0.10658614
0.10682083
0.10705603
0.10729175
0.10752799
0.10776475
0.10800203
0.10823983
0.10847816
0.10871701
0.10895639
0.10919630
0.10943673
0.10967769
0.10991919
0.11016121
0.11040377
0.11064686
0.11089049
0.11113465
0.11137935
0.11162459
0.11187037
0.11211669
0.11236356
0.11261096
0.11285892
0.11310741
0.11335646
0.11360605
0.11385619
0.11410689
0.11435813
0.11460993
0.11486229
0.11511519
0.11536866
0.11562268
0.11587727
0.11613241
0.11638812
0.11664439
0.11690122
0.11715862
0.11741658
0.11767511
0.11793422
0.11819389
0.11845413
0.11871495
0.11897634
0.11923831
0.11950086
0.11976398
0.12002768
0.12029196
0.12055683
0.12082227
0.12108831
0.12135492
0.12162213
0.12188992
0.12215830
0.12242728
0.12269684
0.12296700
0.12323776
0.12350911
0.12378105
0.12405360
0.12432675
0.12460050
0.12487485
0.12514980
0.12542536
0.12570153
0.12597830
0.12625569
0.12653368
0.12681229
0.12709151
0.12737135
0.12765180
0.12793287
0.12821456
0.12849687
0.12877980
0.12906335
0.12934753
0.12963233
0.12991776
0.13020382
0.13049051
0.13077783
0.13106578
0.13135437
0.13164359
0.13193345
0.13222394
0.13251508
0.13280686
0.13309928
0.13339234
0.13368605
0.13398041
0.13427541
0.13457107
0.13486737
0.13516433
0.13546194
0.13576020
0.13605913
0.13635871
0.13665895
0.13695985
0.13726141
0.13756364
0.13786654
0.13817010
0.13847433
0.13877923
0.13908480
0.13939104
0.13969796
0.14000555
0.14031382
0.14062277
0.14093240
0.14124271
0.14155370
0.14186538
0.14217775
0.14249080
0.14280454
0.14311898
0.14343410
0.14374992
0.14406644
0.14438365
0.14470156
0.14502017
0.14533948
0.14565950
0.14598022
0.14630164
0.14662378
0.14694662
0.14727017
0.14759444
0.14791942
0.14824511
0.14857153
0.14889866
0.14922651
0.14955508
0.14988438
0.15021440
0.15054515
0.15087663
0.15120884
0.15154177
0.15187545
0.15220985
0.15254499
0.15288087
0.15321749
0.15355486
0.15389296
0.15423181
0.15457140
0.15491174
0.15525284
0.15559468
0.15593727
0.15628062
0.15662473
0.15696959
0.15731521
0.15766160
0.15800874
0.15835666
0.15870533
0.15905478
0.15940499
0.15975598
0.16010773
0.16046027
0.16081357
0.16116766
0.16152253
0.16187817
0.16223460
0.16259182
0.16294982
0.16330861
0.16366819
0.16402856
0.16438973
0.16475169
0.16511445
0.16547800
0.16584236
0.16620752
0.16657348
0.16694025
0.16730783
0.16767621
0.16804541
0.16841542
0.16878625
0.16915789
0.16953035
0.16990363
0.17027773
0.17065265
0.17102840
0.17140498
0.17178239
0.17216063
0.17253970
0.17291960
0.17330034
0.17368193
0.17406435
0.17444761
0.17483171
0.17521667
0.17560247
0.17598912
0.17637662
0.17676497
0.17715418
0.17754425
0.17793517
0.17832696
0.17871960
0.17911312
0.17950750
0.17990274
0.18029886
0.18069585
0.18109372
0.18149246
0.18189207
0.18229257
0.18269395
0.18309622
0.18349937
0.18390340
0.18430833
0.18471415
0.18512086
0.18552847
0.18593697
0.18634638
0.18675668
0.18716789
0.18758001
0.18799303
0.18840696
0.18882180
0.18923756
0.18965423
0.19007182
0.19049033
0.19090976
0.19133011
0.19175139
0.19217360
0.19259673
0.19302080
0.19344580
0.19387174
0.19429862
0.19472643
0.19515519
0.19558489
0.19601554
0.19644713
0.19687968
0.19731318
0.19774763
0.19818304
0.19861941
0.19905674
0.19949503
0.19993429
0.20037451
0.20081570
0.20125787
0.20170101
0.20214512
0.20259021
0.20303629
0.20348334
0.20393138
0.20438040
0.20483042
0.20528142
0.20573342
0.20618641
0.20664040
0.20709539
0.20755139
0.20800838
0.20846638
0.20892539
0.20938542
0.20984645
0.21030850
0.21077157
0.21123565
0.21170076
0.21216689
0.21263405
0.21310224
0.21357146
0.21404171
0.21451299
0.21498532
0.21545868
0.21593309
0.21640854
0.21688504
0.21736259
0.21784118
0.21832084
0.21880154
0.21928331
0.21976614
0.22025003
0.22073499
0.22122101
0.22170811
0.22219627
0.22268551
0.22317583
0.22366723
0.22415971
0.22465328
0.22514793
0.22564367
0.22614050
0.22663843
0.22713745
0.22763757
0.22813879
0.22864112
0.22914455
0.22964909
0.23015474
0.23066151
0.23116939
0.23167839
0.23218851
0.23269975
0.23321212
0.23372562
0.23424024
0.23475601
0.23527290
0.23579094
0.23631011
0.23683043
0.23735189
0.23787450
0.23839827
0.23892318
0.23944925
0.23997648
0.24050488
0.24103443
0.24156515
0.24209704
0.24263010
0.24316433
0.24369974
0.24423633
0.24477410
0.24531306
0.24585320
0.24639453
0.24693705
0.24748077
0.24802568
0.24857180
0.24911911
0.24966763
0.25021736
0.25076830
0.25132046
0.25187382
0.25242841
0.25298422
0.25354125
0.25409951
0.25465900
0.25521972
0.25578167
0.25634486
0.25690929
0.25747497
0.25804189
0.25861006
0.25917948
0.25975015
0.26032208
0.26089527
0.26146972
0.26204543
0.26262242
0.26320067
0.26378020
0.26436100
0.26494308
0.26552645
0.26611109
0.26669703
0.26728425
0.26787277
0.26846259
0.26905370
0.26964611
0.27023983
0.27083486
0.27143120
0.27202884
0.27262781
0.27322809
0.27382970
0.27443263
0.27503689
0.27564248
0.27624940
0.27685766
0.27746725
0.27807819
0.27869048
0.27930411
0.27991910
0.28053543
0.28115313
0.28177219
0.28239260
0.28301439
0.28363754
0.28426207
0.28488797
0.28551525
0.28614391
0.28677395
0.28740538
0.28803821
0.28867242
0.28930803
0.28994504
0.29058346
0.29122328
0.29186451
0.29250715
0.29315120
0.29379668
0.29444357
0.29509189
0.29574164
0.29639281
0.29704542
0.29769947
0.29835496
0.29901189
0.29967027
0.30033010
0.30099138
0.30165411
0.30231831
0.30298396
0.30365109
0.30431968
0.30498975
0.30566129
0.30633430
0.30700880
0.30768479
0.30836226
0.30904123
0.30972169
0.31040365
0.31108711
0.31177208
0.31245855
0.31314653
0.31383603
0.31452705
0.31521959
0.31591366
0.31660925
0.31730637
0.31800503
0.31870523
0.31940697
0.32011025
0.32081509
0.32152147
0.32222941
0.32293891
0.32364997
0.32436260
0.32507680
0.32579256
0.32650991
0.32722883
0.32794934
0.32867143
0.32939512
0.33012039
0.33084727
0.33157574
0.33230582
0.33303751
0.33377080
0.33450571
0.33524224
0.33598040
0.33672017
0.33746158
0.33820462
0.33894929
0.33969560
0.34044356
0.34119316
0.34194442
0.34269733
0.34345189
0.34420812
0.34496601
0.34572557
0.34648681
0.34724972
0.34801431
0.34878058
0.34954854
0.35031819
0.35108954
0.35186258
0.35263733
0.35341378
0.35419195
0.35497182
0.35575341
0.35653673
0.35732177
0.35810853
0.35889703
0.35968727
0.36047924
0.36127296
0.36206843
0.36286565
0.36366462
0.36446535
0.36526785
0.36607211
0.36687815
0.36768596
0.36849554
0.36930691
0.37012007
0.37093502
0.37175176
0.37257030
0.37339064
0.37421279
0.37503675
0.37586252
0.37669011
0.37751952
0.37835076
0.37918383
0.38001874
0.38085548
0.38169406
0.38253449
0.38337677
0.38422091
0.38506691
0.38591476
0.38676449
0.38761608
0.38846955
0.38932490
0.39018213
0.39104126
0.39190227
0.39276518
0.39362998
0.39449670
0.39536532
0.39623585
0.39710830
0.39798267
0.39885896
0.39973719
0.40061735
0.40149945
0.40238349
0.40326947
0.40415741
0.40504730
0.40593915
0.40683297
0.40772875
0.40862650
0.40952624
0.41042795
0.41133165
0.41223734
0.41314502
0.41405470
0.41496638
0.41588008
0.41679578
0.41771350
0.41863324
0.41955500
0.42047880
0.42140463
0.42233250
0.42326241
0.42419436
0.42512837
0.42606444
0.42700257
0.42794276
0.42888502
0.42982936
0.43077578
0.43172428
0.43267487
0.43362755
0.43458233
0.43553922
0.43649821
0.43745931
0.43842253
0.43938786
0.44035533
0.44132492
0.44229665
0.44327052
0.44424653
0.44522469
0.44620501
0.44718748
0.44817212
0.44915893
0.45014790
0.45113906
0.45213240
0.45312792
0.45412564
0.45512555
0.45612767
0.45713199
0.45813853
0.45914727
0.46015825
0.46117144
0.46218687
0.46320453
0.46422444
0.46524659
0.46627099
0.46729765
0.46832656
0.46935774
0.47039120
0.47142693
0.47246493
0.47350523
0.47454781
0.47559269
0.47663988
0.47768936
0.47874116
0.47979527
0.48085171
0.48191047
0.48297156
0.48403499
0.48510076
0.48616887
0.48723934
0.48831217
0.48938736
0.49046491
0.49154484
0.49262714
0.49371183
0.49479891
0.49588838
0.49698025
0.49807452
0.49917120
0.50027030
0.50137182
0.50247576
0.50358214
0.50469094
0.50580220
0.50691589
0.50803204
0.50915065
0.51027172
0.51139526
0.51252127
0.51364977
0.51478074
0.51591421
0.51705017
0.51818864
0.51932961
0.52047309
0.52161909
0.52276762
0.52391867
0.52507226
0.52622838
0.52738706
0.52854828
0.52971206
0.53087841
0.53204732
0.53321880
0.53439287
0.53556952
0.53674876
0.53793060
0.53911503
0.54030208
0.54149174
0.54268402
0.54387893
0.54507647
0.54627664
0.54747946
0.54868492
0.54989304
0.55110382
0.55231726
0.55353338
0.55475218
0.55597365
0.55719782
0.55842468
0.55965425
0.56088652
0.56212150
0.56335921
0.56459964
0.56584280
0.56708870
0.56833734
0.56958873
0.57084287
0.57209978
0.57335946
0.57462190
0.57588713
0.57715515
0.57842595
0.57969956
0.58097596
0.58225518
0.58353722
0.58482208
0.58610976
0.58740029
0.58869365
0.58998986
0.59128893
0.59259086
0.59389565
0.59520331
0.59651386
0.59782729
0.59914361
0.60046283
0.60178496
0.60311000
0.60443795
0.60576883
0.60710264
0.60843938
0.60977907
0.61112171
0.61246731
0.61381586
0.61516739
0.61652189
0.61787938
0.61923985
0.62060332
0.62196980
0.62333928
0.62471177
0.62608729
0.62746584
0.62884742
0.63023204
0.63161972
0.63301045
0.63440424
0.63580110
0.63720103
0.63860405
0.64001015
0.64141936
0.64283166
0.64424708
0.64566561
0.64708727
0.64851205
0.64993997
0.65137104
0.65280526
0.65424263
0.65568317
0.65712689
0.65857378
0.66002386
0.66147713
0.66293360
0.66439327
0.66585616
0.66732227
0.66879161
0.67026419
0.67174001
0.67321907
0.67470140
0.67618699
0.67767584
0.67916798
0.68066340
0.68216212
0.68366413
0.68516945
0.68667809
0.68819005
0.68970534
0.69122396
0.69274593
0.69427125
0.69579993
0.69733197
0.69886738
0.70040618
0.70194837
0.70349395
0.70504293
0.70659533
0.70815114
0.70971038
0.71127305
0.71283916
0.71440873
0.71598174
0.71755822
0.71913817
0.72072160
0.72230852
0.72389893
0.72549285
0.72709027
0.72869121
0.73029567
0.73190367
0.73351521
0.73513029
0.73674894
0.73837114
0.73999692
0.74162628
0.74325923
0.74489577
0.74653591
0.74817967
0.74982704
0.75147805
0.75313268
0.75479096
0.75645290
0.75811849
0.75978775
0.76146068
0.76313730
0.76481761
0.76650162
0.76818934
0.76988077
0.77157593
0.77327482
0.77497745
0.77668383
0.77839397
0.78010787
0.78182554
0.78354700
0.78527225
0.78700130
0.78873415
0.79047082
0.79221132
0.79395564
0.79570381
0.79745583
0.79921170
0.80097144
0.80273505
0.80450255
0.80627394
0.80804923
0.80982843
0.81161155
0.81339859
0.81518957
0.81698449
0.81878336
0.82058619
0.82239300
0.82420378
0.82601855
0.82783731
0.82966008
0.83148686
0.83331767
0.83515250
0.83699138
0.83883430
0.84068129
0.84253234
0.84438746
0.84624667
0.84810998
0.84997738
0.85184890
0.85372454
0.85560431
0.85748821
0.85937627
0.86126848
0.86316486
0.86506542
0.86697016
0.86887909
0.87079223
0.87270958
0.87463115
0.87655695
0.87848699
0.88042128
0.88235983
0.88430265
0.88624975
0.88820113
0.89015681
0.89211680
0.89408110
0.89604973
0.89802269
0.90000000