0.12000000
0.12078078
0.12156156
0.12234234
0.12312312
0.12390390
0.12468468
0.12546547
0.12624625
0.12702703
0.12780781
0.12858859
0.12936937
0.13015015
0.13093093
0.13171171
0.13249249
0.13327327
0.13405405
0.13483483
0.13561562
0.13639640
0.13717718
0.13795796
0.13873874
0.13951952
0.14030030
0.14108108
0.14186186
0.14264264
0.14342342
0.14420420
0.14498498
0.14576577
0.14654655
0.14732733
0.14810811
0.14888889
0.14966967
0.15045045
0.15123123
0.15201201
0.15279279
0.15357357
0.15435435
0.15513514
0.15591592
0.15669670
0.15747748
0.15825826
0.15903904
0.15981982
0.16060060
0.16138138
0.16216216
0.16294294
0.16372372
0.16450450
0.16528529
0.16606607
0.16684685
0.16762763
0.16840841
0.16918919
0.16996997
0.17075075
0.17153153
0.17231231
0.17309309
0.17387387
0.17465465
0.17543544
0.17621622
0.17699700
0.17777778
0.17855856
0.17933934
0.18012012
0.18090090
0.18168168
0.18246246
0.18324324
0.18402402
0.18480480
0.18558559
0.18636637
0.18714715
0.18792793
0.18870871
0.18948949
0.19027027
0.19105105
0.19183183
0.19261261
0.19339339
0.19417417
0.19495495
0.19573574
0.19651652
0.19729730
0.19807808
0.19885886
0.19963964
0.20042042
0.20120120
0.20198198
0.20276276
0.20354354
0.20432432
0.20510511
0.20588589
0.20666667
0.20744745
0.20822823
0.20900901
0.20978979
0.21057057
0.21135135
0.21213213
0.21291291
0.21369369
0.21447447
0.21525526
0.21603604
0.21681682
0.21759760
0.21837838
0.21915916
0.21993994
0.22072072
0.22150150
0.22228228
0.22306306
0.22384384
0.22462462
0.22540541
0.22618619
0.22696697
0.22774775
0.22852853
0.22930931
0.23009009
0.23087087
0.23165165
0.23243243
0.23321321
0.23399399
0.23477477
0.23555556
0.23633634
0.23711712
0.23789790
0.23867868
0.23945946
0.24024024
0.24102102
0.24180180
0.24258258
0.24336336
0.24414414
0.24492492
0.24570571
0.24648649
0.24726727
0.24804805
0.24882883
0.24960961
0.25039039
0.25117117
0.25195195
0.25273273
0.25351351
0.25429429
0.25507508
0.25585586
0.25663664
0.25741742
0.25819820
0.25897898
0.25975976
0.26054054
0.26132132
0.26210210
0.26288288
0.26366366
0.26444444
0.26522523
0.26600601
0.26678679
0.26756757
0.26834835
0.26912913
0.26990991
0.27069069
0.27147147
0.27225225
0.27303303
0.27381381
0.27459459
0.27537538
0.27615616
0.27693694
0.27771772
0.27849850
0.27927928
0.28006006
0.28084084
0.28162162
0.28240240
0.28318318
0.28396396
0.28474474
0.28552553
0.28630631
0.28708709
0.28786787
0.28864865
0.28942943
0.29021021
0.29099099
0.29177177
0.29255255
0.29333333
0.29411411
0.29489489
0.29567568
0.29645646
0.29723724
0.29801802
0.29879880
0.29957958
0.30036036
0.30114114
0.30192192
0.30270270
0.30348348
0.30426426
0.30504505
0.30582583
0.30660661
0.30738739
0.30816817
0.30894895
0.30972973
0.31051051
0.31129129
0.31207207
0.31285285
0.31363363
0.31441441
0.31519520
0.31597598
0.31675676
0.31753754
0.31831832
0.31909910
0.31987988
0.32066066
0.32144144
0.32222222
0.32300300
0.32378378
0.32456456
0.32534535
0.32612613
0.32690691
0.32768769
0.32846847
0.32924925
0.33003003
0.33081081
0.33159159
0.33237237
0.33315315
0.33393393
0.33471471
0.33549550
0.33627628
0.33705706
0.33783784
0.33861862
0.33939940
0.34018018
0.34096096
0.34174174
0.34252252
0.34330330
0.34408408
0.34486486
0.34564565
0.34642643
0.34720721
0.34798799
0.34876877
0.34954955
0.35033033
0.35111111
0.35189189
0.35267267
0.35345345
0.35423423
0.35501502
0.35579580
0.35657658
0.35735736
0.35813814
0.35891892
0.35969970
0.36048048
0.36126126
0.36204204
0.36282282
0.36360360
0.36438438
0.36516517
0.36594595
0.36672673
0.36750751
0.36828829
0.36906907
0.36984985
0.37063063
0.37141141
0.37219219
0.37297297
0.37375375
0.37453453
0.37531532
0.37609610
0.37687688
0.37765766
0.37843844
0.37921922
0.38000000
0.38078078
0.38156156
0.38234234
0.38312312
0.38390390
0.38468468
0.38546547
0.38624625
0.38702703
0.38780781
0.38858859
0.38936937
0.39015015
0.39093093
0.39171171
0.39249249
0.39327327
0.39405405
0.39483483
0.39561562
0.39639640
0.39717718
0.39795796
0.39873874
0.39951952
0.40030030
0.40108108
0.40186186
0.40264264
0.40342342
0.40420420
0.40498498
0.40576577
0.40654655
0.40732733
0.40810811
0.40888889
0.40966967
0.41045045
0.41123123
0.41201201
0.41279279
0.41357357
0.41435435
0.41513514
0.41591592
0.41669670
0.41747748
0.41825826
0.41903904
0.41981982
0.42060060
0.42138138
0.42216216
0.42294294
0.42372372
0.42450450
0.42528529
0.42606607
0.42684685
0.42762763
0.42840841
0.42918919
0.42996997
0.43075075
0.43153153
0.43231231
0.43309309
0.43387387
0.43465465
0.43543544
0.43621622
0.43699700
0.43777778
0.43855856
0.43933934
0.44012012
0.44090090
0.44168168
0.44246246
0.44324324
0.44402402
0.44480480
0.44558559
0.44636637
0.44714715
0.44792793
0.44870871
0.44948949
0.45027027
0.45105105
0.45183183
0.45261261
0.45339339
0.45417417
0.45495495
0.45573574
0.45651652
0.45729730
0.45807808
0.45885886
0.45963964
0.46042042
0.46120120
0.46198198
0.46276276
0.46354354
0.46432432
0.46510511
0.46588589
0.46666667
0.46744745
0.46822823
0.46900901
0.46978979
0.47057057
0.47135135
0.47213213
0.47291291
0.47369369
0.47447447
0.47525526
0.47603604
0.47681682
0.47759760
0.47837838
0.47915916
0.47993994
0.48072072
0.48150150
0.48228228
0.48306306
0.48384384
0.48462462
0.48540541
0.48618619
0.48696697
0.48774775
0.48852853
0.48930931
0.49009009
0.49087087
0.49165165
0.49243243
0.49321321
0.49399399
0.49477477
0.49555556
0.49633634
0.49711712
0.49789790
0.49867868
0.49945946
0.50024024
0.50102102
0.50180180
0.50258258
0.50336336
0.50414414
0.50492492
0.50570571
0.50648649
0.50726727
0.50804805
0.50882883
0.50960961
0.51039039
0.51117117
0.51195195
0.51273273
0.51351351
0.51429429
0.51507508
0.51585586
0.51663664
0.51741742
0.51819820
0.51897898
0.51975976
0.52054054
0.52132132
0.52210210
0.52288288
0.52366366
0.52444444
0.52522523
0.52600601
0.52678679
0.52756757
0.52834835
0.52912913
0.52990991
0.53069069
0.53147147
0.53225225
0.53303303
0.53381381
0.53459459
0.53537538
0.53615616
0.53693694
0.53771772
0.53849850
0.53927928
0.54006006
0.54084084
0.54162162
0.54240240
0.54318318
0.54396396
0.54474474
0.54552553
0.54630631
0.54708709
0.54786787
0.54864865
0.54942943
0.55021021
0.55099099
0.55177177
0.55255255
0.55333333
0.55411411
0.55489489
0.55567568
0.55645646
0.55723724
0.55801802
0.55879880
0.55957958
0.56036036
0.56114114
0.56192192
0.56270270
0.56348348
0.56426426
0.56504505
0.56582583
0.56660661
0.56738739
0.56816817
0.56894895
0.56972973
0.57051051
0.57129129
0.57207207
0.57285285
0.57363363
0.57441441
0.57519520
0.57597598
0.57675676
0.57753754
0.57831832
0.57909910
0.57987988
0.58066066
0.58144144
0.58222222
0.58300300
0.58378378
0.58456456
0.58534535
0.58612613
0.58690691
0.58768769
0.58846847
0.58924925
0.59003003
0.59081081
0.59159159
0.59237237
0.59315315
0.59393393
0.59471471
0.59549550
0.59627628
0.59705706
0.59783784
0.59861862
0.59939940
0.60018018
0.60096096
0.60174174
0.60252252
0.60330330
0.60408408
0.60486486
0.60564565
0.60642643
0.60720721
0.60798799
0.60876877
0.60954955
0.61033033
0.61111111
0.61189189
0.61267267
0.61345345
0.61423423
0.61501502
0.61579580
0.61657658
0.61735736
0.61813814
0.61891892
0.61969970
0.62048048
0.62126126
0.62204204
0.62282282
0.62360360
0.62438438
0.62516517
0.62594595
0.62672673
0.62750751
0.62828829
0.62906907
0.62984985
0.63063063
0.63141141
0.63219219
0.63297297
0.63375375
0.63453453
0.63531532
0.63609610
0.63687688
0.63765766
0.63843844
0.63921922
0.64000000
0.64078078
0.64156156
0.64234234
0.64312312
0.64390390
0.64468468
0.64546547
0.64624625
0.64702703
0.64780781
0.64858859
0.64936937
0.65015015
0.65093093
0.65171171
0.65249249
0.65327327
0.65405405
0.65483483
0.65561562
0.65639640
0.65717718
0.65795796
0.65873874
0.65951952
0.66030030
0.66108108
0.66186186
0.66264264
0.66342342
0.66420420
0.66498498
0.66576577
0.66654655
0.66732733
0.66810811
0.66888889
0.66966967
0.67045045
0.67123123
0.67201201
0.67279279
0.67357357
0.67435435
0.67513514
0.67591592
0.67669670
0.67747748
0.67825826
0.67903904
0.67981982
0.68060060
0.68138138
0.68216216
0.68294294
0.68372372
0.68450450
0.68528529
0.68606607
0.68684685
0.68762763
0.68840841
0.68918919
0.68996997
0.69075075
0.69153153
0.69231231
0.69309309
0.69387387
0.69465465
0.69543544
0.69621622
0.69699700
0.69777778
0.69855856
0.69933934
0.70012012
0.70090090
0.70168168
0.70246246
0.70324324
0.70402402
0.70480480
0.70558559
0.70636637
0.70714715
0.70792793
0.70870871
0.70948949
0.71027027
0.71105105
0.71183183
0.71261261
0.71339339
0.71417417
0.71495495
0.71573574
0.71651652
0.71729730
0.71807808
0.71885886
0.71963964
0.72042042
0.72120120
0.72198198
0.72276276
0.72354354
0.72432432
0.72510511
0.72588589
0.72666667
0.72744745
0.72822823
0.72900901
0.72978979
0.73057057
0.73135135
0.73213213
0.73291291
0.73369369
0.73447447
0.73525526
0.73603604
0.73681682
0.73759760
0.73837838
0.73915916
0.73993994
0.74072072
0.74150150
0.74228228
0.74306306
0.74384384
0.74462462
0.74540541
0.74618619
0.74696697
0.74774775
0.74852853
0.74930931
0.75009009
0.75087087
0.75165165
0.75243243
0.75321321
0.75399399
0.75477477
0.75555556
0.75633634
0.75711712
0.75789790
0.75867868
0.75945946
0.76024024
0.76102102
0.76180180
0.76258258
0.76336336
0.76414414
0.76492492
0.76570571
0.76648649
0.76726727
0.76804805
0.76882883
0.76960961
0.77039039
0.77117117
0.77195195
0.77273273
0.77351351
0.77429429
0.77507508
0.77585586
0.77663664
0.77741742
0.77819820
0.77897898
0.77975976
0.78054054
0.78132132
0.78210210
0.78288288
0.78366366
0.78444444
0.78522523
0.78600601
0.78678679
0.78756757
0.78834835
0.78912913
0.78990991
0.79069069
0.79147147
0.79225225
0.79303303
0.79381381
0.79459459
0.79537538
0.79615616
0.79693694
0.79771772
0.79849850
0.79927928
0.80006006
0.80084084
0.80162162
0.80240240
0.80318318
0.80396396
0.80474474
0.80552553
0.80630631
0.80708709
0.80786787
0.80864865
0.80942943
0.81021021
0.81099099
0.81177177
0.81255255
0.81333333
0.81411411
0.81489489
0.81567568
0.81645646
0.81723724
0.81801802
0.81879880
0.81957958
0.82036036
0.82114114
0.82192192
0.82270270
0.82348348
0.82426426
0.82504505
0.82582583
0.82660661
0.82738739
0.82816817
0.82894895
0.82972973
0.83051051
0.83129129
0.83207207
0.83285285
0.83363363
0.83441441
0.83519520
0.83597598
0.83675676
0.83753754
0.83831832
0.83909910
0.83987988
0.84066066
0.84144144
0.84222222
0.84300300
0.84378378
0.84456456
0.84534535
0.84612613
0.84690691
0.84768769
0.84846847
0.84924925
0.85003003
0.85081081
0.85159159
0.85237237
0.85315315
0.85393393
0.85471471
0.85549550
0.85627628
0.85705706
0.85783784
0.85861862
0.85939940
0.86018018
0.86096096
0.86174174
0.86252252
0.86330330
0.86408408
0.86486486
0.86564565
0.86642643
0.86720721
0.86798799
0.86876877
0.86954955
0.87033033
0.87111111
0.87189189
0.87267267
0.87345345
0.87423423
0.87501502
0.87579580
0.87657658
0.87735736
0.87813814
0.87891892
0.87969970
0.88048048
0.88126126
0.88204204
0.88282282
0.88360360
0.88438438
0.88516517
0.88594595
0.88672673
0.88750751
0.88828829
0.88906907
0.88984985
0.89063063
0.89141141
0.89219219
0.89297297
0.89375375
0.89453453
0.89531532
0.89609610
0.89687688
0.89765766
0.89843844
0.89921922
0.90000000