0.10000000
0.10078078
0.10156156
0.10234234
0.10312312
0.10390390
0.10468468
0.10546547
0.10624625
0.10702703
0.10780781
0.10858859
0.10936937
0.11015015
0.11093093
0.11171171
0.11249249
0.11327327
0.11405405
0.11483483
0.11561562
0.11639640
0.11717718
0.11795796
0.11873874
0.11951952
0.12030030
0.12108108
0.12186186
0.12264264
0.12342342
0.12420420
0.12498498
0.12576577
0.12654655
0.12732733
0.12810811
0.12888889
0.12966967
0.13045045
0.13123123
0.13201201
0.13279279
0.13357357
0.13435435
0.13513514
0.13591592
0.13669670
0.13747748
0.13825826
0.13903904
0.13981982
0.14060060
0.14138138
0.14216216
0.14294294
0.14372372
0.14450450
0.14528529
0.14606607
0.14684685
0.14762763
0.14840841
0.14918919
0.14996997
0.15075075
0.15153153
0.15231231
0.15309309
0.15387387
0.15465465
0.15543544
0.15621622
0.15699700
0.15777778
0.15855856
0.15933934
0.16012012
0.16090090
0.16168168
0.16246246
0.16324324
0.16402402
0.16480480
0.16558559
0.16636637
0.16714715
0.16792793
0.16870871
0.16948949
0.17027027
0.17105105
0.17183183
0.17261261
0.17339339
0.17417417
0.17495495
0.17573574
0.17651652
0.17729730
0.17807808
0.17885886
0.17963964
0.18042042
0.18120120
0.18198198
0.18276276
0.18354354
0.18432432
0.18510511
0.18588589
0.18666667
0.18744745
0.18822823
0.18900901
0.18978979
0.19057057
0.19135135
0.19213213
0.19291291
0.19369369
0.19447447
0.19525526
0.19603604
0.19681682
0.19759760
0.19837838
0.19915916
0.19993994
0.20072072
0.20150150
0.20228228
0.20306306
0.20384384
0.20462462
0.20540541
0.20618619
0.20696697
0.20774775
0.20852853
0.20930931
0.21009009
0.21087087
0.21165165
0.21243243
0.21321321
0.21399399
0.21477477
0.21555556
0.21633634
0.21711712
0.21789790
0.21867868
0.21945946
0.22024024
0.22102102
0.22180180
0.22258258
0.22336336
0.22414414
0.22492492
0.22570571
0.22648649
0.22726727
0.22804805
0.22882883
0.22960961
0.23039039
0.23117117
0.23195195
0.23273273
0.23351351
0.23429429
0.23507508
0.23585586
0.23663664
0.23741742
0.23819820
0.23897898
0.23975976
0.24054054
0.24132132
0.24210210
0.24288288
0.24366366
0.24444444
0.24522523
0.24600601
0.24678679
0.24756757
0.24834835
0.24912913
0.24990991
0.25069069
0.25147147
0.25225225
0.25303303
0.25381381
0.25459459
0.25537538
0.25615616
0.25693694
0.25771772
0.25849850
0.25927928
0.26006006
0.26084084
0.26162162
0.26240240
0.26318318
0.26396396
0.26474474
0.26552553
0.26630631
0.26708709
0.26786787
0.26864865
0.26942943
0.27021021
0.27099099
0.27177177
0.27255255
0.27333333
0.27411411
0.27489489
0.27567568
0.27645646
0.27723724
0.27801802
0.27879880
0.27957958
0.28036036
0.28114114
0.28192192
0.28270270
0.28348348
0.28426426
0.28504505
0.28582583
0.28660661
0.28738739
0.28816817
0.28894895
0.28972973
0.29051051
0.29129129
0.29207207
0.29285285
0.29363363
0.29441441
0.29519520
0.29597598
0.29675676
0.29753754
0.29831832
0.29909910
0.29987988
0.30066066
0.30144144
0.30222222
0.30300300
0.30378378
0.30456456
0.30534535
0.30612613
0.30690691
0.30768769
0.30846847
0.30924925
0.31003003
0.31081081
0.31159159
0.31237237
0.31315315
0.31393393
0.31471471
0.31549550
0.31627628
0.31705706
0.31783784
0.31861862
0.31939940
0.32018018
0.32096096
0.32174174
0.32252252
0.32330330
0.32408408
0.32486486
0.32564565
0.32642643
0.32720721
0.32798799
0.32876877
0.32954955
0.33033033
0.33111111
0.33189189
0.33267267
0.33345345
0.33423423
0.33501502
0.33579580
0.33657658
0.33735736
0.33813814
0.33891892
0.33969970
0.34048048
0.34126126
0.34204204
0.34282282
0.34360360
0.34438438
0.34516517
0.34594595
0.34672673
0.34750751
0.34828829
0.34906907
0.34984985
0.35063063
0.35141141
0.35219219
0.35297297
0.35375375
0.35453453
0.35531532
0.35609610
0.35687688
0.35765766
0.35843844
0.35921922
0.36000000
0.36078078
0.36156156
0.36234234
0.36312312
0.36390390
0.36468468
0.36546547
0.36624625
0.36702703
0.36780781
0.36858859
0.36936937
0.37015015
0.37093093
0.37171171
0.37249249
0.37327327
0.37405405
0.37483483
0.37561562
0.37639640
0.37717718
0.37795796
0.37873874
0.37951952
0.38030030
0.38108108
0.38186186
0.38264264
0.38342342
0.38420420
0.38498498
0.38576577
0.38654655
0.38732733
0.38810811
0.38888889
0.38966967
0.39045045
0.39123123
0.39201201
0.39279279
0.39357357
0.39435435
0.39513514
0.39591592
0.39669670
0.39747748
0.39825826
0.39903904
0.39981982
0.40060060
0.40138138
0.40216216
0.40294294
0.40372372
0.40450450
0.40528529
0.40606607
0.40684685
0.40762763
0.40840841
0.40918919
0.40996997
0.41075075
0.41153153
0.41231231
0.41309309
0.41387387
0.41465465
0.41543544
0.41621622
0.41699700
0.41777778
0.41855856
0.41933934
0.42012012
0.42090090
0.42168168
0.42246246
0.42324324
0.42402402
0.42480480
0.42558559
0.42636637
0.42714715
0.42792793
0.42870871
0.42948949
0.43027027
0.43105105
0.43183183
0.43261261
0.43339339
0.43417417
0.43495495
0.43573574
0.43651652
0.43729730
0.43807808
0.43885886
0.43963964
0.44042042
0.44120120
0.44198198
0.44276276
0.44354354
0.44432432
0.44510511
0.44588589
0.44666667
0.44744745
0.44822823
0.44900901
0.44978979
0.45057057
0.45135135
0.45213213
0.45291291
0.45369369
0.45447447
0.45525526
0.45603604
0.45681682
0.45759760
0.45837838
0.45915916
0.45993994
0.46072072
0.46150150
0.46228228
0.46306306
0.46384384
0.46462462
0.46540541
0.46618619
0.46696697
0.46774775
0.46852853
0.46930931
0.47009009
0.47087087
0.47165165
0.47243243
0.47321321
0.47399399
0.47477477
0.47555556
0.47633634
0.47711712
0.47789790
0.47867868
0.47945946
0.48024024
0.48102102
0.48180180
0.48258258
0.48336336
0.48414414
0.48492492
0.48570571
0.48648649
0.48726727
0.48804805
0.48882883
0.48960961
0.49039039
0.49117117
0.49195195
0.49273273
0.49351351
0.49429429
0.49507508
0.49585586
0.49663664
0.49741742
0.49819820
0.49897898
0.49975976
0.50054054
0.50132132
0.50210210
0.50288288
0.50366366
0.50444444
0.50522523
0.50600601
0.50678679
0.50756757
0.50834835
0.50912913
0.50990991
0.51069069
0.51147147
0.51225225
0.51303303
0.51381381
0.51459459
0.51537538
0.51615616
0.51693694
0.51771772
0.51849850
0.51927928
0.52006006
0.52084084
0.52162162
0.52240240
0.52318318
0.52396396
0.52474474
0.52552553
0.52630631
0.52708709
0.52786787
0.52864865
0.52942943
0.53021021
0.53099099
0.53177177
0.53255255
0.53333333
0.53411411
0.53489489
0.53567568
0.53645646
0.53723724
0.53801802
0.53879880
0.53957958
0.54036036
0.54114114
0.54192192
0.54270270
0.54348348
0.54426426
0.54504505
0.54582583
0.54660661
0.54738739
0.54816817
0.54894895
0.54972973
0.55051051
0.55129129
0.55207207
0.55285285
0.55363363
0.55441441
0.55519520
0.55597598
0.55675676
0.55753754
0.55831832
0.55909910
0.55987988
0.56066066
0.56144144
0.56222222
0.56300300
0.56378378
0.56456456
0.56534535
0.56612613
0.56690691
0.56768769
0.56846847
0.56924925
0.57003003
0.57081081
0.57159159
0.57237237
0.57315315
0.57393393
0.57471471
0.57549550
0.57627628
0.57705706
0.57783784
0.57861862
0.57939940
0.58018018
0.58096096
0.58174174
0.58252252
0.58330330
0.58408408
0.58486486
0.58564565
0.58642643
0.58720721
0.58798799
0.58876877
0.58954955
0.59033033
0.59111111
0.59189189
0.59267267
0.59345345
0.59423423
0.59501502
0.59579580
0.59657658
0.59735736
0.59813814
0.59891892
0.59969970
0.60048048
0.60126126
0.60204204
0.60282282
0.60360360
0.60438438
0.60516517
0.60594595
0.60672673
0.60750751
0.60828829
0.60906907
0.60984985
0.61063063
0.61141141
0.61219219
0.61297297
0.61375375
0.61453453
0.61531532
0.61609610
0.61687688
0.61765766
0.61843844
0.61921922
0.62000000
0.62078078
0.62156156
0.62234234
0.62312312
0.62390390
0.62468468
0.62546547
0.62624625
0.62702703
0.62780781
0.62858859
0.62936937
0.63015015
0.63093093
0.63171171
0.63249249
0.63327327
0.63405405
0.63483483
0.63561562
0.63639640
0.63717718
0.63795796
0.63873874
0.63951952
0.64030030
0.64108108
0.64186186
0.64264264
0.64342342
0.64420420
0.64498498
0.64576577
0.64654655
0.64732733
0.64810811
0.64888889
0.64966967
0.65045045
0.65123123
0.65201201
0.65279279
0.65357357
0.65435435
0.65513514
0.65591592
0.65669670
0.65747748
0.65825826
0.65903904
0.65981982
0.66060060
0.66138138
0.66216216
0.66294294
0.66372372
0.66450450
0.66528529
0.66606607
0.66684685
0.66762763
0.66840841
0.66918919
0.66996997
0.67075075
0.67153153
0.67231231
0.67309309
0.67387387
0.67465465
0.67543544
0.67621622
0.67699700
0.67777778
0.67855856
0.67933934
0.68012012
0.68090090
0.68168168
0.68246246
0.68324324
0.68402402
0.68480480
0.68558559
0.68636637
0.68714715
0.68792793
0.68870871
0.68948949
0.69027027
0.69105105
0.69183183
0.69261261
0.69339339
0.69417417
0.69495495
0.69573574
0.69651652
0.69729730
0.69807808
0.69885886
0.69963964
0.70042042
0.70120120
0.70198198
0.70276276
0.70354354
0.70432432
0.70510511
0.70588589
0.70666667
0.70744745
0.70822823
0.70900901
0.70978979
0.71057057
0.71135135
0.71213213
0.71291291
0.71369369
0.71447447
0.71525526
0.71603604
0.71681682
0.71759760
0.71837838
0.71915916
0.71993994
0.72072072
0.72150150
0.72228228
0.72306306
0.72384384
0.72462462
0.72540541
0.72618619
0.72696697
0.72774775
0.72852853
0.72930931
0.73009009
0.73087087
0.73165165
0.73243243
0.73321321
0.73399399
0.73477477
0.73555556
0.73633634
0.73711712
0.73789790
0.73867868
0.73945946
0.74024024
0.74102102
0.74180180
0.74258258
0.74336336
0.74414414
0.74492492
0.74570571
0.74648649
0.74726727
0.74804805
0.74882883
0.74960961
0.75039039
0.75117117
0.75195195
0.75273273
0.75351351
0.75429429
0.75507508
0.75585586
0.75663664
0.75741742
0.75819820
0.75897898
0.75975976
0.76054054
0.76132132
0.76210210
0.76288288
0.76366366
0.76444444
0.76522523
0.76600601
0.76678679
0.76756757
0.76834835
0.76912913
0.76990991
0.77069069
0.77147147
0.77225225
0.77303303
0.77381381
0.77459459
0.77537538
0.77615616
0.77693694
0.77771772
0.77849850
0.77927928
0.78006006
0.78084084
0.78162162
0.78240240
0.78318318
0.78396396
0.78474474
0.78552553
0.78630631
0.78708709
0.78786787
0.78864865
0.78942943
0.79021021
0.79099099
0.79177177
0.79255255
0.79333333
0.79411411
0.79489489
0.79567568
0.79645646
0.79723724
0.79801802
0.79879880
0.79957958
0.80036036
0.80114114
0.80192192
0.80270270
0.80348348
0.80426426
0.80504505
0.80582583
0.80660661
0.80738739
0.80816817
0.80894895
0.80972973
0.81051051
0.81129129
0.81207207
0.81285285
0.81363363
0.81441441
0.81519520
0.81597598
0.81675676
0.81753754
0.81831832
0.81909910
0.81987988
0.82066066
0.82144144
0.82222222
0.82300300
0.82378378
0.82456456
0.82534535
0.82612613
0.82690691
0.82768769
0.82846847
0.82924925
0.83003003
0.83081081
0.83159159
0.83237237
0.83315315
0.83393393
0.83471471
0.83549550
0.83627628
0.83705706
0.83783784
0.83861862
0.83939940
0.84018018
0.84096096
0.84174174
0.84252252
0.84330330
0.84408408
0.84486486
0.84564565
0.84642643
0.84720721
0.84798799
0.84876877
0.84954955
0.85033033
0.85111111
0.85189189
0.85267267
0.85345345
0.85423423
0.85501502
0.85579580
0.85657658
0.85735736
0.85813814
0.85891892
0.85969970
0.86048048
0.86126126
0.86204204
0.86282282
0.86360360
0.86438438
0.86516517
0.86594595
0.86672673
0.86750751
0.86828829
0.86906907
0.86984985
0.87063063
0.87141141
0.87219219
0.87297297
0.87375375
0.87453453
0.87531532
0.87609610
0.87687688
0.87765766
0.87843844
0.87921922
0.88000000