30000000.00000000
605070.53621832
380891.05018444
290461.05110740
239594.36843594
206324.59733099
182576.32777654
164624.36650979
150492.04515486
139024.86155847
129499.46360823
121437.61281138
114509.39128224
108479.20914376
103173.95526071
98463.32698051
94247.20552991
90447.28422380
87001.35843247
83859.33446860
80980.37927415
78330.84566921
75882.73624707
73612.54858723
71500.39508895
69529.32368089
67684.78755510
65954.22689297
64326.73575401
62792.79443370
61344.05265879
59973.15262693
58673.58354590
57439.56127605
56265.92812955
55148.06896842
54081.84056926
53063.51185331
52089.71306752
51157.39237986
50263.77864823
49406.34935508
48582.80288451
47791.03446621
47029.11522848
46295.27389810
45587.88076219
44905.43357002
44246.54510450
43609.93219540
42994.40598151
42398.86325795
41822.27876912
41263.69832793
40722.23265905
40197.05187824
39687.38053165
39192.49312961
38711.71011783
38244.39423646
37789.94722382
37347.80682704
36917.44408655
36498.36086532
36090.08759733
35692.18123279
35304.22336002
34925.81848665
34556.59246415
34196.19104213
33844.27853982
33500.53662379
33164.66318203
32836.37128555
32515.38822971
32201.45464801
31894.32369212
31593.76027229
31299.54035313
31011.45029984
30729.28627093
30452.85365343
30181.96653717
29916.44722507
29656.12577640
29400.83958063
29150.43295936
28904.75679416
28663.66817847
28427.03009167
28194.71109365
27966.58503851
27742.53080581
27522.43204828
27306.17695473
27093.65802714
26884.77187085
26679.41899714
26477.50363708
26278.93356621
26083.61993900
25891.47713276
25702.42260009
25516.37672955
25333.26271390
25153.00642542
24975.53629795
24800.78321515
24628.68040466
24459.16333769
24292.16963391
24127.63897106
23965.51299924
23805.73525944
23648.25110616
23493.00763382
23339.95360677
23189.03939272
23040.21689929
22893.43951369
22748.66204519
22605.84067025
22464.93288027
22325.89743173
22188.69429856
22053.28462675
21919.63069091
21787.69585286
21657.44452199
21528.84211738
21401.85503160
21276.45059598
21152.59704755
21030.26349718
20909.41989921
20790.03702231
20672.08642157
20555.54041169
20440.37204135
20326.55506855
20214.06393704
20102.87375357
19992.96026617
19884.29984323
19776.86945341
19670.64664631
19565.60953397
19461.73677299
19359.00754740
19257.40155214
19156.89897719
19057.48049228
18959.12723217
18861.82078251
18765.54316617
18670.27683007
18576.00463255
18482.70983114
18390.37607076
18298.98737241
18208.52812216
18118.98306061
18030.33727272
17942.57617790
17855.68552055
17769.65136086
17684.46006595
17600.09830132
17516.55302255
17433.81146732
17351.86114764
17270.68984243
17190.28559026
17110.63668233
17031.73165576
16953.55928700
16876.10858550
16799.36878760
16723.32935055
16647.97994683
16573.31045847
16499.31097177
16425.97177200
16353.28333836
16281.23633905
16209.82162654
16139.03023294
16068.85336552
15999.28240238
15930.30888821
15861.92453027
15794.12119435
15726.89090097
15660.22582165
15594.11827525
15528.56072447
15463.54577243
15399.06615937
15335.11475939
15271.68457734
15208.76874576
15146.36052194
15084.45328502
15023.04053323
14962.11588113
14901.67305699
14841.70590022
14782.20835887
14723.17448720
14664.59844328
14606.47448674
14548.79697650
14491.56036859
14434.75921404
14378.38815679
14322.44193170
14266.91536258
14211.80336029
14157.10092086
14102.80312371
14048.90512986
13995.40218022
13942.28959392
13889.56276667
13837.21716916
13785.24834553
13733.65191186
13682.42355465
13631.55902944
13581.05415935
13530.90483378
13481.10700701
13431.65669692
13382.54998376
13333.78300883
13285.35197334
13237.25313721
13189.48281788
13142.03738924
13094.91328050
13048.10697512
13001.61500977
12955.43397331
12909.56050576
12863.99129736
12818.72308762
12773.75266434
12729.07686275
12684.69256460
12640.59669730
12596.78623304
12553.25818800
12510.00962152
12467.03763530
12424.33937263
12381.91201764
12339.75279453
12297.85896689
12256.22783695
12214.85674489
12173.74306818
12132.88422091
12092.27765314
12051.92085023
12011.81133228
11971.94665348
11932.32440150
11892.94219695
11853.79769279
11814.88857373
11776.21255578
11737.76738559
11699.55084002
11661.56072560
11623.79487801
11586.25116158
11548.92746887
11511.82172009
11474.93186275
11438.25587113
11401.79174585
11365.53751345
11329.49122597
11293.65096049
11258.01481876
11222.58092678
11187.34743441
11152.31251497
11117.47436489
11082.83120332
11048.38127176
11014.12283370
10980.05417431
10946.17360003
10912.47943829
10878.97003716
10845.64376501
10812.49901022
10779.53418085
10746.74770434
10714.13802720
10681.70361473
10649.44295073
10617.35453719
10585.43689405
10553.68855891
10522.10808674
10490.69404966
10459.44503665
10428.35965330
10397.43652157
10366.67427954
10336.07158117
10305.62709607
10275.33950924
10245.20752091
10215.22984623
10185.40521512
10155.73237201
10126.21007566
10096.83709893
10067.61222858
10038.53426508
10009.60202241
9980.81432785
9952.17002181
9923.66795764
9895.30700142
9867.08603183
9839.00393991
9811.05962895
9783.25201426
9755.58002305
9728.04259423
9700.63867825
9673.36723698
9646.22724348
9619.21768192
9592.33754739
9565.58584574
9538.96159346
9512.46381751
9486.09155521
9459.84385406
9433.71977163
9407.71837543
9381.83874275
9356.07996054
9330.44112529
9304.92134289
9279.51972852
9254.23540653
9229.06751027
9204.01518205
9179.07757296
9154.25384278
9129.54315988
9104.94470106
9080.45765149
9056.08120460
9031.81456194
9007.65693308
8983.60753555
8959.66559469
8935.83034357
8912.10102289
8888.47688090
8864.95717326
8841.54116301
8818.22812039
8795.01732286
8771.90805491
8748.89960802
8725.99128059
8703.18237780
8680.47221157
8657.86010047
8635.34536961
8612.92735060
8590.60538144
8568.37880646
8546.24697624
8524.20924752
8502.26498313
8480.41355193
8458.65432874
8436.98669424
8415.41003492
8393.92374301
8372.52721642
8351.21985863
8330.00107870
8308.87029111
8287.82691578
8266.87037797
8246.00010819
8225.21554219
8204.51612088
8183.90129024
8163.37050131
8142.92321009
8122.55887753
8102.27696939
8082.07695629
8061.95831358
8041.92052130
8021.96306414
8002.08543139
7982.28711686
7962.56761887
7942.92644015
7923.36308784
7903.87707340
7884.46791259
7865.13512541
7845.87823602
7826.69677278
7807.59026812
7788.55825851
7769.60028445
7750.71589041
7731.90462476
7713.16603976
7694.49969151
7675.90513990
7657.38194856
7638.92968485
7620.54791979
7602.23622803
7583.99418781
7565.82138095
7547.71739274
7529.68181198
7511.71423089
7493.81424512
7475.98145366
7458.21545884
7440.51586629
7422.88228489
7405.31432676
7387.81160720
7370.37374467
7353.00036077
7335.69108017
7318.44553062
7301.26334289
7284.14415074
7267.08759092
7250.09330308
7233.16092980
7216.29011653
7199.48051157
7182.73176601
7166.04353377
7149.41547150
7132.84723857
7116.33849709
7099.88891182
7083.49815017
7067.16588218
7050.89178047
7034.67552025
7018.51677925
7002.41523775
6986.37057849
6970.38248669
6954.45065003
6938.57475857
6922.75450481
6906.98958359
6891.27969210
6875.62452988
6860.02379874
6844.47720279
6828.98444839
6813.54524414
6798.15930084
6782.82633151
6767.54605130
6752.31817754
6737.14242969
6722.01852929
6706.94620001
6691.92516754
6676.95515965
6662.03590614
6647.16713881
6632.34859144
6617.57999980
6602.86110160
6588.19163648
6573.57134602
6558.99997367
6544.47726478
6530.00296655
6515.57682802
6501.19860008
6486.86803541
6472.58488848
6458.34891556
6444.15987467
6430.01752556
6415.92162972
6401.87195036
6387.86825238
6373.91030235
6359.99786852
6346.13072079
6332.30863068
6318.53137134
6304.79871754
6291.11044561
6277.46633348
6263.86616065
6250.30970813
6236.79675851
6223.32709587
6209.90050580
6196.51677540
6183.17569324
6169.87704935
6156.62063522
6143.40624379
6130.23366942
6117.10270788
6104.01315634
6090.96481339
6077.95747896
6064.99095438
6052.06504231
6039.17954676
6026.33427307
6013.52902791
6000.76361924
5988.03785634
5975.35154975
5962.70451130
5950.09655407
5937.52749242
5924.99714191
5912.50531937
5900.05184282
5887.63653151
5875.25920589
5862.91968759
5850.61779941
5838.35336535
5826.12621053
5813.93616125
5801.78304494
5789.66669016
5777.58692660
5765.54358503
5753.53649736
5741.56549658
5729.63041675
5717.73109302
5705.86736161
5694.03905977
5682.24602583
5670.48809914
5658.76512010
5647.07693010
5635.42337157
5623.80428794
5612.21952364
5600.66892408
5589.15233566
5577.66960575
5566.22058268
5554.80511575
5543.42305520
5532.07425221
5520.75855890
5509.47582832
5498.22591444
5487.00867212
5475.82395716
5464.67162622
5453.55153689
5442.46354760
5431.40751770
5420.38330737
5409.39077768
5398.42979055
5387.50020873
5376.60189583
5365.73471630
5354.89853540
5344.09321922
5333.31863468
5322.57464949
5311.86113217
5301.17795203
5290.52497919
5279.90208454
5269.30913974
5258.74601724
5248.21259025
5237.70873273
5227.23431942
5216.78922578
5206.37332802
5195.98650311
5185.62862872
5175.29958326
5164.99924587
5154.72749639
5144.48421538
5134.26928409
5124.08258448
5113.92399921
5103.79341161
5093.69070571
5083.61576620
5073.56847847
5063.54872855
5053.55640314
5043.59138961
5033.65357597
5023.74285089
5013.85910367
5004.00222426
4994.17210322
4984.36863178
4974.59170176
4964.84120561
4955.11703639
4945.41908779
4935.74725409
4926.10143017
4916.48151151
4906.88739418
4897.31897486
4887.77615078
4878.25881977
4868.76688024
4859.30023117
4849.85877208
4840.44240309
4831.05102486
4821.68453861
4812.34284611
4803.02584968
4793.73345219
4784.46555702
4775.22206813
4766.00288996
4756.80792754
4747.63708636
4738.49027248
4729.36739244
4720.26835333
4711.19306272
4702.14142869
4693.11335984
4684.10876525
4675.12755450
4666.16963767
4657.23492532
4648.32332849
4639.43475872
4630.56912801
4621.72634884
4612.90633417
4604.10899742
4595.33425246
4586.58201366
4577.85219581
4569.14471419
4560.45948449
4551.79642289
4543.15544599
4534.53647085
4525.93941496
4517.36419624
4508.81073307
4500.27894422
4491.76874894
4483.28006685
4474.81281804
4466.36692298
4457.94230259
4449.53887819
4441.15657149
4432.79530465
4424.45500020
4416.13558109
4407.83697066
4399.55909266
4391.30187123
4383.06523089
4374.84909657
4366.65339356
4358.47804757
4350.32298465
4342.18813126
4334.07341424
4325.97876077
4317.90409843
4309.84935517
4301.81445928
4293.79933946
4285.80392472
4277.82814447
4269.87192845
4261.93520678
4254.01790991
4246.11996865
4238.24131415
4230.38187793
4222.54159182
4214.72038802
4206.91819905
4199.13495777
4191.37059738
4183.62505142
4175.89825373
4168.19013852
4160.50064030
4152.82969390
4145.17723449
4137.54319755
4129.92751887
4122.33013458
4114.75098109
4107.18999515
4099.64711381
4092.12227443
4084.61541467
4077.12647249
4069.65538617
4062.20209428
4054.76653569
4047.34864955
4039.94837533
4032.56565278
4025.20042194
4017.85262315
4010.52219702
4003.20908445
3995.91322664
3988.63456505
3981.37304144
3974.12859782
3966.90117651
3959.69072009
3952.49717140
3945.32047358
3938.16057001
3931.01740436
3923.89092056
3916.78106280
3909.68777554
3902.61100350
3895.55069165
3888.50678524
3881.47922977
3874.46797097
3867.47295485
3860.49412768
3853.53143595
3846.58482643
3839.65424611
3832.73964225
3825.84096234
3818.95815412
3812.09116556
3805.23994490
3798.40444059
3791.58460132
3784.78037604
3777.99171389
3771.21856430
3764.46087688
3757.71860150
3750.99168826
3744.28008747
3737.58374968
3730.90262566
3724.23666641
3717.58582314
3710.95004730
3704.32929053
3697.72350472
3691.13264196
3684.55665457
3677.99549505
3671.44911617
3664.91747085
3658.40051228
3651.89819381
3645.41046902
3638.93729171
3632.47861586
3626.03439568
3619.60458555
3613.18914010
3606.78801412
3600.40116262
3594.02854080
3587.67010406
3581.32580801
3574.99560844
3568.67946134
3562.37732288
3556.08914945
3549.81489761
3543.55452412
3537.30798592
3531.07524014
3524.85624411
3518.65095533
3512.45933149
3506.28133046
3500.11691031
3493.96602926
3487.82864574
3481.70471835
3475.59420586
3469.49706723
3463.41326159
3457.34274825
3451.28548668
3445.24143655
3439.21055768
3433.19281007
3427.18815389
3421.19654947
3415.21795734
3409.25233816
3403.29965279
3397.35986222
3391.43292763
3385.51881037
3379.61747193
3373.72887399
3367.85297836
3361.98974703
3356.13914215
3350.30112603
3344.47566113
3338.66271007
3332.86223563
3327.07420073
3321.29856847
3315.53530209
3309.78436498
3304.04572069
3298.31933291
3292.60516549
3286.90318244
3281.21334788
3275.53562613
3269.86998161
3264.21637893
3258.57478280
3252.94515811
3247.32746989
3241.72168328
3236.12776362
3230.54567633
3224.97538703
3219.41686143
3213.87006540
3208.33496496
3202.81152625
3197.29971556
3191.79949932
3186.31084406
3180.83371650
3175.36808345
3169.91391187
3164.47116887
3159.03982166
3153.61983760
3148.21118418
3142.81382902
3137.42773987
3132.05288461
3126.68923123
3121.33674787
3115.99540279
3110.66516438
3105.34600115
3100.03788174
3094.74077490
3089.45464951
3084.17947460
3078.91521928
3073.66185280
3068.41934455
3063.18766400
3057.96678078
3052.75666462
3047.55728536
3042.36861297
3037.19061754
3032.02326928
3026.86653849
3021.72039562
3016.58481122
3011.45975594
3006.34520056
3001.24111598
2996.14747320
2991.06424334
2985.99139761
2980.92890737
2975.87674405
2970.83487922
2965.80328454
2960.78193179
2955.77079286
2950.76983974
2945.77904452
2940.79837941
2935.82781673
2930.86732889
2925.91688841
2920.97646793
2916.04604016
2911.12557796
2906.21505425
2901.31444207
2896.42371457
2891.54284499
2886.67180667
2881.81057306
2876.95911769
2872.11741423
2867.28543640
2862.46315805
2857.65055311
2852.84759563
2848.05425974
2843.27051967
2838.49634973
2833.73172436
2828.97661808
2824.23100548
2819.49486128
2814.76816028
2810.05087737
2805.34298753
2800.64446584
2795.95528748
2791.27542770
2786.60486185
2781.94356537
2777.29151381
2772.64868278
2768.01504799
2763.39058525
2758.77527043
2754.16907953
2749.57198860
2744.98397380
2740.40501136
2735.83507761
2731.27414895
2726.72220190
2722.17921301
2717.64515898
2713.12001653
2708.60376251
2704.09637383
2699.59782750
2695.10810060
2690.62717029
2686.15501382
2681.69160852
2677.23693180
2672.79096116
2668.35367415
2663.92504844
2659.50506176
2655.09369191
2650.69091678
2646.29671435
2641.91106265
2637.53393982
2633.16532405
2628.80519362
2624.45352688
2620.11030227
2615.77549830
2611.44909354
2607.13106666
2602.82139638
2598.52006152
2594.22704095
2589.94231364
2585.66585861
2581.39765497
2577.13768188
2572.88591861
2568.64234446
2564.40693883
2560.17968119