30000000.00000000
667184.36717835
420017.19698517
320317.50672218
264238.35791028
227560.44050002
201380.19152758
181590.42265870
166011.78770716
153371.41746786
142871.80324958
133985.68259745
126349.32072905
119702.98157966
113855.81289396
108664.15918716
104017.64281027
99829.93388570
96032.45491158
92569.98051993
89397.49499191
86477.90484404
83780.34527956
81278.90704657
78951.66606713
76779.93453246
74747.67629745
72841.04574542
71048.02054426
69358.10658120
67762.09894494
66251.88683543
64820.29320097
63460.94205105
62168.14799112
60936.82372650
59762.40219194
58640.77065998
57568.21471714
56541.37041404
55557.18322159
54612.87268189
53705.90184663
52833.95075775
51994.89335576
51186.77730600
50407.80631842
49656.32460619
48930.80318482
48229.82776073
47552.08799667
46896.36797337
46261.53769363
45646.54549737
45050.41127481
44472.22038078
43911.11816641
43366.30505595
42837.03210567
42322.59699042
41822.34037013
41335.64259459
40861.92071013
40400.62573615
39951.24018326
39513.27578824
39086.27144400
38669.79130477
38263.42304967
37866.77628908
37479.48110028
37101.18668017
36731.56010422
36370.28518193
36017.06140012
35671.60294606
35333.63780377
35002.90691672
34679.16341160
34362.17187778
34051.70769791
33747.55642544
33449.51320513
33157.38223329
32870.97625444
32590.11609152
32314.63020715
32044.35429351
31779.13088863
31518.80901713
31263.24385365
31012.29640724
30765.83322520
30523.72611498
30285.85188294
30052.09208854
29822.33281329
29596.46444295
29374.38146258
29155.98226313
28941.16895915
28729.84721665
28521.92609054
28317.31787107
28115.93793859
27917.70462615
27722.53908954
27530.36518408
27341.10934802
27154.70049187
26971.06989354
26790.15109881
26611.87982681
26436.19388023
26263.03306009
26092.33908460
25924.05551205
25758.12766742
25594.50257251
25433.12887941
25273.95680710
25116.93808106
24962.02587560
24809.17475893
24658.34064075
24509.48072210
24362.55344762
24217.51845982
24074.33655545
23932.96964374
23793.38070648
23655.53375985
23519.39381785
23384.92685728
23252.09978427
23120.88040214
22991.23738064
22863.14022646
22736.55925491
22611.46556284
22487.83100256
22365.62815686
22244.83031506
22125.41144989
22007.34619544
21890.60982583
21775.17823480
21661.02791604
21548.13594428
21436.47995715
21326.03813762
21216.78919719
21108.71235969
21001.78734565
20895.99435725
20791.31406387
20687.72758808
20585.21649223
20483.76276543
20383.34881107
20283.95743473
20185.57183254
20088.17557994
19991.75262083
19896.28725711
19801.76413855
19708.16825304
19615.48491711
19523.69976688
19432.79874918
19342.76811307
19253.59440159
19165.26444379
19077.76534704
18991.08448955
18905.20951318
18820.12831645
18735.82904778
18652.30009895
18569.53009876
18487.50790690
18406.22260801
18325.66350589
18245.82011797
18166.68216986
18088.23959011
18010.48250515
17933.40123434
17856.98628517
17781.22834869
17706.11829491
17631.64716852
17557.80618463
17484.58672460
17411.98033214
17339.97870934
17268.57371300
17197.75735086
17127.52177816
17057.85929411
16988.76233857
16920.22348878
16852.23545618
16784.79108338
16717.88334111
16651.50532532
16585.65025437
16520.31146626
16455.48241595
16391.15667277
16327.32791785
16263.98994169
16201.13664175
16138.76202006
16076.86018103
16015.42532916
15954.45176693
15893.93389265
15833.86619847
15774.24326834
15715.05977608
15656.31048349
15597.99023850
15540.09397337
15482.61670296
15425.55352298
15368.89960835
15312.65021157
15256.80066115
15201.34636004
15146.28278412
15091.60548076
15037.31006738
14983.39223001
14929.84772199
14876.67236256
14823.86203563
14771.41268847
14719.32033049
14667.58103201
14616.19092308
14565.14619237
14514.44308598
14464.07790637
14414.04701128
14364.34681269
14314.97377580
14265.92441798
14217.19530784
14168.78306426
14120.68435546
14072.89589804
14025.41445615
13978.23684058
13931.35990791
13884.78055968
13838.49574156
13792.50244256
13746.79769427
13701.37857005
13656.24218431
13611.38569177
13566.80628676
13522.50120249
13478.46771040
13434.70311945
13391.20477549
13347.97006062
13304.99639254
13262.28122396
13219.82204195
13177.61636742
13135.66175448
13093.95578989
13052.49609255
13011.28031288
12970.30613235
12929.57126292
12889.07344656
12848.81045473
12808.78008789
12768.98017503
12729.40857320
12690.06316705
12650.94186834
12612.04261555
12573.36337344
12534.90213258
12496.65690897
12458.62574362
12420.80670217
12383.19787446
12345.79737416
12308.60333839
12271.61392737
12234.82732402
12198.24173364
12161.85538352
12125.66652263
12089.67342128
12053.87437075
12018.26768303
11982.85169044
11947.62474536
11912.58521990
11877.73150561
11843.06201319
11808.57517217
11774.26943067
11740.14325508
11706.19512982
11672.42355704
11638.82705637
11605.40416467
11572.15343576
11539.07344016
11506.16276489
11473.42001316
11440.84380419
11408.43277297
11376.18556999
11344.10086105
11312.17732704
11280.41366371
11248.80858147
11217.36080515
11186.06907383
11154.93214063
11123.94877250
11093.11775002
11062.43786722
11031.90793140
11001.52676291
10971.29319501
10941.20607366
10911.26425737
10881.46661698
10851.81203556
10822.29940816
10792.92764171
10763.69565485
10734.60237773
10705.64675189
10676.82773009
10648.14427618
10619.59536492
10591.17998184
10562.89712312
10534.74579543
10506.72501578
10478.83381141
10451.07121961
10423.43628765
10395.92807260
10368.54564121
10341.28806980
10314.15444411
10287.14385921
10260.25541936
10233.48823786
10206.84143700
10180.31414791
10153.90551041
10127.61467298
10101.44079257
10075.38303454
10049.44057253
10023.61258839
9997.89827202
9972.29682132
9946.80744205
9921.42934777
9896.16175972
9871.00390672
9845.95502508
9821.01435853
9796.18115809
9771.45468200
9746.83419565
9722.31897144
9697.90828876
9673.60143386
9649.39769977
9625.29638623
9601.29679960
9577.39825282
9553.60006524
9529.90156264
9506.30207710
9482.80094694
9459.39751663
9436.09113674
9412.88116386
9389.76696052
9366.74789513
9343.82334190
9320.99268079
9298.25529741
9275.61058301
9253.05793435
9230.59675368
9208.22644866
9185.94643230
9163.75612289
9141.65494396
9119.64232421
9097.71769743
9075.88050248
9054.13018319
9032.46618836
9010.88797163
8989.39499150
8967.98671122
8946.66259877
8925.42212678
8904.26477249
8883.19001773
8862.19734881
8841.28625650
8820.45623600
8799.70678685
8779.03741292
8758.44762234
8737.93692746
8717.50484479
8697.15089499
8676.87460278
8656.67549694
8636.55311022
8616.50697935
8596.53664493
8576.64165147
8556.82154727
8537.07588442
8517.40421877
8497.80610986
8478.28112089
8458.82881870
8439.44877369
8420.14055985
8400.90375463
8381.73793901
8362.64269735
8343.61761746
8324.66229048
8305.77631091
8286.95927652
8268.21078837
8249.53045073
8230.91787106
8212.37266000
8193.89443129
8175.48280182
8157.13739148
8138.85782325
8120.64372307
8102.49471989
8084.41044558
8066.39053492
8048.43462559
8030.54235811
8012.71337584
7994.94732491
7977.24385425
7959.60261552
7942.02326308
7924.50545400
7907.04884800
7889.65310742
7872.31789724
7855.04288499
7837.82774077
7820.67213721
7803.57574946
7786.53825512
7769.55933429
7752.63866947
7735.77594558
7718.97084994
7702.22307221
7685.53230442
7668.89824088
7652.32057824
7635.79901539
7619.33325349
7602.92299592
7586.56794827
7570.26781834
7554.02231607
7537.83115355
7521.69404502
7505.61070680
7489.58085730
7473.60421703
7457.68050849
7441.80945626
7425.99078691
7410.22422899
7394.50951304
7378.84637155
7363.23453894
7347.67375154
7332.16374760
7316.70426724
7301.29505246
7285.93584707
7270.62639677
7255.36644901
7240.15575310
7224.99406007
7209.88112278
7194.81669578
7179.80053539
7164.83239964
7149.91204825
7135.03924265
7120.21374591
7105.43532279
7090.70373968
7076.01876458
7061.38016713
7046.78771854
7032.24119164
7017.74036079
7003.28500194
6988.87489257
6974.50981168
6960.18953980
6945.91385895
6931.68255265
6917.49540588
6903.35220511
6889.25273823
6875.19679459
6861.18416496
6847.21464151
6833.28801783
6819.40408889
6805.56265103
6791.76350196
6778.00644075
6764.29126780
6750.61778486
6736.98579497
6723.39510249
6709.84551309
6696.33683371
6682.86887256
6669.44143913
6656.05434416
6642.70739961
6629.40041871
6616.13321587
6602.90560675
6589.71740818
6576.56843820
6563.45851603
6550.38746206
6537.35509782
6524.36124603
6511.40573053
6498.48837630
6485.60900943
6472.76745715
6459.96354777
6447.19711070
6434.46797647
6421.77597664
6409.12094388
6396.50271188
6383.92111543
6371.37599033
6358.86717343
6346.39450260
6333.95781672
6321.55695570
6309.19176045
6296.86207286
6284.56773582
6272.30859319
6260.08448980
6247.89527145
6235.74078489
6223.62087782
6211.53539888
6199.48419764
6187.46712459
6175.48403117
6163.53476968
6151.61919336
6139.73715633
6127.88851362
6116.07312112
6104.29083560
6092.54151470
6080.82501693
6069.14120166
6057.48992908
6045.87106025
6034.28445705
6022.72998221
6011.20749925
5999.71687254
5988.25796724
5976.83064932
5965.43478554
5954.07024346
5942.73689143
5931.43459857
5920.16323478
5908.92267072
5897.71277782
5886.53342827
5875.38449499
5864.26585168
5853.17737274
5842.11893332
5831.09040932
5820.09167733
5809.12261468
5798.18309939
5787.27301020
5776.39222657
5765.54062861
5754.71809717
5743.92451376
5733.15976057
5722.42372047
5711.71627700
5701.03731438
5690.38671747
5679.76437179
5669.17016353
5658.60397950
5648.06570718
5637.55523465
5627.07245067
5616.61724458
5606.18950638
5595.78912667
5585.41599668
5575.07000822
5564.75105375
5554.45902628
5544.19381946
5533.95532751
5523.74344525
5513.55806807
5503.39909196
5493.26641346
5483.15992971
5473.07953839
5463.02513777
5452.99662667
5442.99390445
5433.01687104
5423.06542691
5413.13947308
5403.23891112
5393.36364310
5383.51357166
5373.68859995
5363.88863165
5354.11357096
5344.36332261
5334.63779183
5324.93688436
5315.26050645
5305.60856487
5295.98096686
5286.37762018
5276.79843308
5267.24331428
5257.71217303
5248.20491901
5238.72146241
5229.26171391
5219.82558463
5210.41298618
5201.02383063
5191.65803052
5182.31549885
5172.99614907
5163.69989509
5154.42665127
5145.17633242
5135.94885380
5126.74413110
5117.56208045
5108.40261843
5099.26566205
5090.15112873
5081.05893635
5071.98900319
5062.94124796
5053.91558978
5044.91194822
5035.93024322
5026.97039516
5018.03232481
5009.11595336
5000.22120239
4991.34799389
4982.49625024
4973.66589423
4964.85684903
4956.06903819
4947.30238566
4938.55681578
4929.83225326
4921.12862319
4912.44585105
4903.78386268
4895.14258431
4886.52194251
4877.92186425
4869.34227684
4860.78310798
4852.24428570
4843.72573840
4835.22739486
4826.74918416
4818.29103579
4809.85287954
4801.43464559
4793.03626442
4784.65766690
4776.29878419
4767.95954784
4759.63988969
4751.33974194
4743.05903712
4734.79770807
4726.55568799
4718.33291038
4710.12930906
4701.94481820
4693.77937226
4685.63290604
4677.50535463
4669.39665345
4661.30673824
4653.23554503
4645.18301016
4637.14907030
4629.13366239
4621.13672369
4613.15819176
4605.19800446
4597.25609993
4589.33241662
4581.42689327
4573.53946892
4565.67008287
4557.81867474
4549.98518442
4542.16955208
4534.37171817
4526.59162345
4518.82920892
4511.08441588
4503.35718589
4495.64746080
4487.95518273
4480.28029405
4472.62273743
4464.98245577
4457.35939228
4449.75349039
4442.16469381
4434.59294653
4427.03819277
4419.50037703
4411.97944403
4404.47533880
4396.98800658
4389.51739287
4382.06344342
4374.62610425
4367.20532160
4359.80104196
4352.41321208
4345.04177894
4337.68668976
4330.34789200
4323.02533337
4315.71896180
4308.42872547
4301.15457278
4293.89645239
4286.65431315
4279.42810418
4272.21777481
4265.02327459
4257.84455331
4250.68156098
4243.53424783
4236.40256433
4229.28646115
4222.18588917
4215.10079953
4208.03114355
4200.97687278
4193.93793899
4186.91429414
4179.90589043
4172.91268026
4165.93461623
4158.97165117
4152.02373810
4145.09083024
4138.17288105
4131.26984415
4124.38167340
4117.50832283
4110.64974669
4103.80589943
4096.97673568
4090.16221030
4083.36227830
4076.57689493
4069.80601561
4063.04959595
4056.30759176
4049.57995904
4042.86665399
4036.16763297
4029.48285255
4022.81226948
4016.15584070
4009.51352332
4002.88527465
3996.27105218
3989.67081356
3983.08451666
3976.51211948
3969.95358024
3963.40885732
3956.87790927
3950.36069483
3943.85717290
3937.36730257
3930.89104308
3924.42835386
3917.97919451
3911.54352478
3905.12130461
3898.71249411
3892.31705353
3885.93494332
3879.56612406
3873.21055653
3866.86820164
3860.53902049
3854.22297432
3847.92002455
3841.63013274
3835.35326063
3829.08937009
3822.83842317
3816.60038208
3810.37520917
3804.16286694
3797.96331807
3791.77652536
3785.60245180
3779.44106049
3773.29231471
3767.15617789
3761.03261358
3754.92158552
3748.82305756
3742.73699371
3736.66335814
3730.60211516
3724.55322919
3718.51666484
3712.49238685
3706.48036008
3700.48054955
3694.49292043
3688.51743801
3682.55406772
3676.60277514
3670.66352599
3664.73628611
3658.82102150
3652.91769826
3647.02628266
3641.14674109
3635.27904008
3629.42314627
3623.57902646
3617.74664757
3611.92597664
3606.11698087
3600.31962756
3594.53388415
3588.75971820
3582.99709741
3577.24598960
3571.50636272
3565.77818485
3560.06142417
3554.35604900
3548.66202781
3542.97932914
3537.30792170
3531.64777430
3525.99885586
3520.36113544
3514.73458221
3509.11916547
3503.51485463
3497.92161921
3492.33942887
3486.76825336
3481.20806257
3475.65882648
3470.12051522
3464.59309900
3459.07654816
3453.57083316
3448.07592456
3442.59179303
3437.11840937
3431.65574448
3426.20376936
3420.76245513
3415.33177304
3409.91169440
3404.50219068
3399.10323343
3393.71479430
3388.33684507
3382.96935762
3377.61230392
3372.26565606
3366.92938624
3361.60346674
3356.28786997
3350.98256842
3345.68753471
3340.40274154
3335.12816172
3329.86376816
3324.60953387
3319.36543196
3314.13143564
3308.90751822
3303.69365311
3298.48981381
3293.29597394
3288.11210719
3282.93818736
3277.77418834
3272.62008414
3267.47584883
3262.34145659
3257.21688171
3252.10209854
3246.99708157
3241.90180533
3236.81624449
3231.74037379
3226.67416805
3221.61760221
3216.57065128
3211.53329037
3206.50549467
3201.48723947
3196.47850016
3191.47925218
3186.48947111
3181.50913257
3176.53821230
3171.57668611
3166.62452992
3161.68171969
3156.74823152
3151.82404157
3146.90912607
3142.00346137
3137.10702387
3132.21979008
3127.34173657
3122.47284002
3117.61307718
3112.76242487
3107.92086001
3103.08835959
3098.26490070
3093.45046048
3088.64501618
3083.84854511
3079.06102468
3074.28243236
3069.51274570
3064.75194234
3060.00000000