30000000.00000000
28105817.11261436
17699445.73446008
13502543.40150617
11142256.53022334
9598790.52397625
8497262.35137015
7664746.90544930
7009490.95306543
6477907.32906211
6036422.70819580
5662841.44584136
5341852.39358878
5062522.60470280
4816818.95773704
4598695.13000529
4403505.62293979
4227617.19388512
4068143.83815427
3922761.55595438
3789576.06912161
3667026.53444122
3553814.25688047
3448849.10032482
3351208.64355035
3260106.65870657
3174868.50575390
3094911.72412788
3019730.57647492
2948883.63048141
2881983.69975719
2818689.63361623
2758699.56848963
2701745.34415083
2647587.85520513
2596013.15882574
2546829.19802644
2499863.02905225
2454958.46405068
2411974.05772682
2370781.38040903
2331263.53076275
2293313.84996043
2256834.80595220
2221737.02196610
2187938.42779132
2155363.51598509
2123942.68806788
2093611.67816527
2064311.04352381
2035985.71295511
2008584.58561106
1982060.17361731
1956368.28303110
1931467.72837761
1907320.07668279
1883889.41748083
1861142.15574976
1839046.82513226
1817573.91914350
1796695.73836182
1776386.25185113
1756620.97128063
1737376.83639489
1718632.11064892
1700366.28596322
1682559.99567538
1665194.93487061
1648253.78736621
1631720.15870568
1615578.51458857
1599814.12422493
1584413.00815708
1569361.89013996
1554648.15271377
1540259.79613979
1526185.40040402
1512414.09002228
1498935.50140701
1485739.75257908
1472817.41502893
1460159.48754962
1447757.37188146
1435602.85002212
1423688.06307012
1412005.49148094
1400547.93662631
1389308.50355644
1378280.58487402
1367457.84563655
1356834.20921074
1346403.84400898
1336161.15104408
1326100.75224331
1316217.47946796
1306506.36418881
1296962.62777179
1287581.67233196
1278359.07211704
1269290.56538474
1260372.04674102
1251599.55990870
1242969.29089837
1234477.56155537
1226120.82345892
1217895.65215081
1209798.74167296
1201826.89939467
1193977.04111153
1186246.18639941
1178631.45420805
1171130.05867987
1163739.30518051
1156456.58652862
1149279.37941332
1142205.24098830
1135231.80563245
1128356.78186762
1121577.94942442
1114893.15644797
1108300.31683566
1101797.40769973
1095382.46694780
1089053.59097496
1082808.93246141
1076646.69827004
1070565.14743866
1064562.58926180
1058637.38145760
1052787.92841524
1047012.67951881
1041310.12754376
1035678.80712221
1030117.29327374
1024624.19999833
1019198.17892838
1013837.91803694
1008542.14039949
1003309.60300643
998139.09562420
993029.43970235
987979.48732473
982988.12020240
978054.24870660
973176.81093968
968354.77184251
963587.12233635
958872.87849801
954211.08076653
949600.79317996
945041.10264116
940531.11821103
936069.97042817
931656.81065369
927290.81044021
922971.16092390
918697.07223858
914467.77295109
910282.50951675
906140.54575439
902041.16233990
897983.65631762
893967.34062883
889991.54365667
886055.60878672
882158.89398277
878300.77137698
874480.62687401
870697.85976850
866951.88237538
863242.11967245
859568.00895492
855928.99950122
852324.55224984
848754.13948665
845217.24454236
841713.36149974
838241.99491018
834802.65951933
831394.88000134
828018.19070157
824672.13538730
821356.26700617
818070.14745220
814813.34733890
811585.44577945
808386.03017345
805214.69600025
802071.04661845
798954.69307140
795865.25389854
792802.35495231
789765.62922050
786754.71665374
783769.26399815
780808.92463270
777873.35841144
774962.23151011
772075.21627727
769211.99108957
766372.24021118
763555.65365720
760761.92706078
757990.76154416
755241.86359303
752514.94493464
749809.72241900
747125.91790356
744463.25814086
741821.47466931
739200.30370692
736599.48604785
734018.76696174
731457.89609571
728916.62737898
726394.71892996
723891.93296584
721408.03571447
718942.79732858
716495.99180217
714067.39688915
711656.79402394
709263.96824420
706888.70811545
704530.80565764
702190.05627357
699866.25867906
697559.21483493
695268.72988060
692994.61206939
690736.67270538
688494.72608183
686268.58942111
684058.08281606
681863.02917283
679683.25415502
677518.58612923
675368.85611186
673233.89771723
671113.54710687
669007.64294005
666916.02632545
664838.54077397
662775.03215266
660725.34863966
658689.34068028
656666.86094396
654657.76428234
652661.90768823
650679.15025552
648709.35313998
646752.37952097
644808.09456403
642876.36538426
640957.06101054
639050.05235053
637155.21215650
635272.41499182
633401.53719827
631542.45686402
629695.05379232
627859.20947087
626034.80704184
624221.73127256
622419.86852682
620629.10673679
618849.33537553
617080.44543010
615322.32937520
613574.88114744
611837.99612006
610111.57107823
608395.50419489
606689.69500699
604994.04439235
603308.45454690
601632.82896243
599967.07240478
598311.09089249
596664.79167586
595028.08321647
593400.87516706
591783.07835187
590174.60474733
588575.36746315
586985.28072380
585404.25985035
583832.22124263
582269.08236184
580714.76171334
579169.17882995
577632.25425547
576103.90952853
574584.06716678
573072.65065138
571569.58441178
570074.79381075
568588.20512979
567109.74555475
565639.34316170
564176.92690315
562722.42659447
561275.77290052
559836.89732269
558405.73218599
556982.21062649
555566.26657901
554157.83476492
552756.85068033
551363.25058433
549976.97148756
548597.95114096
547226.12802467
545861.44133724
544503.83098489
543153.23757114
541809.60238642
540472.86739806
539142.97524033
537819.86920473
536503.49323037
535193.79189462
533890.71040386
532594.19458439
531304.19087355
530020.64631091
528743.50852973
527472.72574844
526208.24676237
524950.02093555
523697.99819270
522452.12901136
521212.36441407
519978.65596081
518750.95574146
517529.21636848
516313.39096960
515103.43318074
513899.29713901
512700.93747581
511508.30931003
510321.36824145
509140.07034415
507964.37216007
506794.23069268
505629.60340077
504470.44819228
503316.72341831
502168.38786714
501025.40075846
499887.72173758
498755.31086978
497628.12863479
496506.13592129
495389.29402154
494277.56462609
493170.90981855
492069.29207048
490972.67423634
489881.01954853
488794.29161248
487712.45440183
486635.47225375
485563.30986419
484495.93228338
483433.30491123
482375.39349294
481322.16411458
480273.58319878
479229.61750053
478190.23410291
477155.40041306
476125.08415806
475099.25338096
474077.87643686
473060.92198901
472048.35900499
471040.15675297
470036.28479803
469036.71299843
468041.41150211
467050.35074309
466063.50143801
465080.83458267
464102.32144869
463127.93358010
462157.64279013
461191.42115793
460229.24102540
459271.07499399
458316.89592170
457366.67691991
456420.39135048
455478.01282270
454539.51519041
453604.87254908
452674.05923302
451747.04981253
450823.81909119
449904.34210307
448988.59411011
448076.55059945
447168.18728080
446263.48008392
445362.40515603
444464.93885934
443571.05776859
442680.73866859
441793.95855186
440910.69461622
440030.92426250
439154.62509224
438281.77490537
437412.35169805
436546.33366040
435683.69917436
434824.42681151
433968.49533101
433115.88367744
432266.57097880
431420.53654444
430577.75986308
429738.22060079
428901.89859910
428068.77387302
427238.82660916
426412.03716386
425588.38606135
424767.85399187
423950.42180995
423136.07053255
422324.78133737
421516.53556109
420711.31469765
419909.10039659
419109.87446136
418313.61884770
417520.31566201
416729.94715971
415942.49574375
415157.94396295
414376.27451052
413597.47022254
412821.51407642
412048.38918945
411278.07881733
410510.56635273
409745.83532385
408983.86939302
408224.65235532
407468.16813718
406714.40079506
405963.33451409
405214.95360673
404469.24251151
403726.18579170
402985.76813406
402247.97434758
401512.78936221
400780.19822770
400050.18611229
399322.73830161
398597.84019745
397875.47731657
397155.63528962
396438.29985991
395723.45688237
395011.09232237
394301.19225467
393593.74286229
392888.73043549
392186.14137066
391485.96216933
390788.17943705
390092.77988248
389399.75031628
388709.07765017
388020.74889592
387334.75116440
386651.07166459
385969.69770263
385290.61668092
384613.81609713
383939.28354334
383267.00670508
382596.97336049
381929.17137937
381263.58872237
380600.21344006
379939.03367212
379280.03764648
378623.21367849
377968.55017007
377316.03560892
376665.65856769
376017.40770321
375371.27175566
374727.23954785
374085.29998437
373445.44205089
372807.65481338
372171.92741737
371538.24908721
370906.60912534
370276.99691157
369649.40190238
369023.81363019
368400.22170268
367778.61580210
367158.98568458
366541.32117948
365925.61218868
365311.84868597
364700.02071635
364090.11839543
363482.13190877
362876.05151124
362271.86752641
361669.57034594
361069.15042896
360470.59830146
359873.90455570
359279.05984962
358686.05490627
358094.88051319
357505.52752190
356917.98684726
356332.24946698
355748.30642104
355166.14881112
354585.76780008
354007.15461145
353430.30052884
352855.19689547
352281.83511361
351710.20664410
351140.30300582
350572.11577519
350005.63658569
349440.85712735
348877.76914625
348316.36444409
347756.63487764
347198.57235833
346642.16885176
346087.41637722
345534.30700727
344982.83286726
344432.98613487
343884.75903972
343338.14386287
342793.13293641
342249.71864305
341707.89341567
341167.64973690
340628.98013872
340091.87720201
339556.33355620
339022.34187881
338489.89489508
337958.98537757
337429.60614576
336901.75006566
336375.41004944
335850.57905505
335327.25008581
334805.41619008
334285.07046086
333766.20603546
333248.81609508
332732.89386451
332218.43261174
331705.42564764
331193.86632556
330683.74804105
330175.06423147
329667.80837567
329161.97399366
328657.55464627
328154.54393483
327652.93550084
327152.72302564
326653.90023012
326156.46087437
325660.39875740
325165.70771680
324672.38162845
324180.41440624
323689.80000170
323200.53240380
322712.60563855
322226.01376880
321740.75089390
321256.81114943
320774.18870689
320292.87777348
319812.87259175
319334.16743938
318856.75662886
318380.63450728
317905.79545599
317432.23389039
316959.94425966
316488.92104646
316019.15876672
315550.65196936
315083.39523604
314617.38318092
314152.61045039
313689.07172284
313226.76170841
312765.67514877
312305.80681684
311847.15151657
311389.70408274
310933.45938067
310478.41230602
310024.55778457
309571.89077196
309120.40625352
308670.09924397
308220.96478728
307772.99795641
307326.19385308
306880.54760760
306436.05437861
305992.70935291
305550.50774523
305109.44479801
304669.51578123
304230.71599219
303793.04075530
303356.48542188
302921.04536999
302486.71600419
302053.49275540
301621.37108066
301190.34646296
300760.41441104
300331.57045922
299903.81016721
299477.12911992
299051.52292727
298626.98722402
298203.51766959
297781.10994788
297359.75976710
296939.46285959
296520.21498165
296102.01191335
295684.84945838
295268.72344389
294853.62972031
294439.56416117
294026.52266296
293614.50114494
293203.49554903
292793.50183958
292384.51600327
291976.53404892
291569.55200735
291163.56593121
290758.57189485
290354.56599413
289951.54434632
289549.50308990
289148.43838446
288748.34641052
288349.22336937
287951.06548299
287553.86899382
287157.63016471
286762.34527870
286368.01063891
285974.62256844
285582.17741016
285190.67152663
284800.10129994
284410.46313158
284021.75344232
283633.96867205
283247.10527970
282861.15974304
282476.12855860
282092.00824155
281708.79532554
281326.48636260
280945.07792298
280564.56659509
280184.94898532
279806.22171794
279428.38143498
279051.42479612
278675.34847855
278300.14917687
277925.82360296
277552.36848589
277179.78057177
276808.05662366
276437.19342147
276067.18776180
275698.03645789
275329.73633945
274962.28425260
274595.67705975
274229.91163946
273864.98488637
273500.89371110
273137.63504010
272775.20581560
272413.60299546
272052.82355310
271692.86447740
271333.72277256
270975.39545805
270617.87956848
270261.17215350
269905.27027774
269550.17102065
269195.87147647
268842.36875409
268489.65997698
268137.74228306
267786.61282467
267436.26876842
267086.70729512
266737.92559969
266389.92089108
266042.69039214
265696.23133960
265350.54098392
265005.61658922
264661.45543320
264318.05480707
263975.41201543
263633.52437620
263292.38922056
262952.00389281
262612.36575035
262273.47216356
261935.32051573
261597.90820297
261261.23263415
260925.29123080
260590.08142703
260255.60066947
259921.84641719
259588.81614159
259256.50732637
258924.91746743
258594.04407277
258263.88466248
257934.43676860
257605.69793509
257277.66571771
256950.33768402
256623.71141323
256297.78449617
255972.55453523
255648.01914425
255324.17594848
255001.02258450
254678.55670015
254356.77595447
254035.67801763
253715.26057083
253395.52130631
253076.45792718
252758.06814746
252440.34969192
252123.30029608
251806.91770613
251491.19967885
251176.14398154
250861.74839200
250548.01069843
250234.92869936
249922.50020364
249610.72303031
249299.59500859
248989.11397781
248679.27778733
248370.08429649
248061.53137456
247753.61690068
247446.33876379
247139.69486259
246833.68310545
246528.30141039
246223.54770501
245919.41992642
245615.91602121
245313.03394535
245010.77166420
244709.12715241
244408.09839386
244107.68338164
243807.88011797
243508.68661416
243210.10089054
242912.12097644
242614.74491009
242317.97073863
242021.79651800
241726.22031293
241431.24019685
241136.85425189
240843.06056879
240549.85724687
240257.24239396
239965.21412637
239673.77056886
239382.90985454
239092.63012487
238802.92952958
238513.80622664
238225.25838222
237937.28417063
237649.88177425
237363.04938355
237076.78519699
236791.08742098
236505.95426985
236221.38396582
235937.37473890
235653.92482692
235371.03247543
235088.69593766
234806.91347451
234525.68335451
234245.00385370
233964.87325570
233685.28985159
233406.25193987
233127.75782648
232849.80582469
232572.39425508
232295.52144555
232019.18573118
231743.38545428
231468.11896432
231193.38461787
230919.18077859
230645.50581716
230372.35811128
230099.73604561
229827.63801172
229556.06240808
229285.00764001
229014.47211961
228744.45426579
228474.95250418
228205.96526711
227937.49099358
227669.52812920
227402.07512619
227135.13044332
226868.69254587
226602.75990561
226337.33100077
226072.40431598
225807.97834226
225544.05157697
225280.62252379
225017.68969265
224755.25159977
224493.30676754
224231.85372454
223970.89100551
223710.41715128
223450.43070878
223190.93023096
222931.91427680
222673.38141126
222415.33020526
222157.75923562
221900.66708507
221644.05234218
221387.91360135
221132.24946277
220877.05853240
220622.33942194
220368.09074879
220114.31113601
219860.99921232
219608.15361206
219355.77297513
219103.85594700
218852.40117868
218601.40732665
218350.87305289
218100.79702479
217851.17791518
217602.01440226
217353.30516959
217105.04890604
216857.24430583
216609.89006839
216362.98489845
216116.52750593
215870.51660596
215624.95091881
215379.82916992
215135.15008981
214890.91241413
214647.11488354
214403.75624378
214160.83524556
213918.35064461
213676.30120159
213434.68568210
213193.50285665
212952.75150063
212712.43039430
212472.53832273
212233.07407582
211994.03644823
211755.42423941
211517.23625353
211279.47129946
211042.12819078
210805.20574573
210568.70278717
210332.61814261
210096.95064413
209861.69912840
209626.86243661
209392.43941451
209158.42891234
208924.82978481
208691.64089110
208458.86109483
208226.48926402
207994.52427109
207762.96499283
207531.81031039
207301.05910922
207070.71027910
206840.76271409
206611.21531251
206382.06697692
206153.31661409
205924.96313503
205697.00545488
205469.44249298
205242.27317279
205015.49642188
204789.11117193
204563.11635872
204337.51092204
204112.29380576
203887.46395775
203663.02032988
203438.96187801
203215.28756196
202991.99634547
202769.08719623
202546.55908581
202324.41098969
202102.64188719
201881.25076150
201660.23659961
201439.59839235
201219.33513432
200999.44582391
200779.92946324
200560.78505820
200342.01161838
200123.60815707
199905.57369125
199687.90724157
199470.60783231
199253.67449140
199037.10625038
198820.90214439
198605.06121213
198389.58249588
198174.46504147
197959.70789825
197745.31011908
197531.27076032
197317.58888180
197104.26354684
196891.29382216
196678.67877796
196466.41748782
196254.50902873
196042.95248106
195831.74692854
195620.89145827
195410.38516066
195200.22712945
194990.41646169
194780.95225770
194571.83362110
194363.05965873
194154.62948071
193946.54220037
193738.79693425
193531.39280208