30000000.00000000
421964.44390767
265642.19978213
202586.57913336
167119.01123559
143921.85946603
127364.01617342
114847.86737464
104995.07351803
97000.60143324
90360.06233668
84739.98617193
79910.32686366
75706.81290086
72008.73871886
68725.24861160
65786.53362436
63137.99394847
60736.25736351
58546.39627999
56539.94025750
54693.42931721
52987.34284767
51405.29439918
49933.41796735
48559.89434416
47274.58138091
46068.72234074
44934.71363319
43865.91819859
42856.51433987
41901.37233667
40995.95302294
40136.22386819
39318.58911321
38539.83127032
37797.06187386
37087.67980657
36409.33586710
35759.90250707
35137.44787265
34540.21344786
33966.59472570
33415.12443588
32884.45794030
32373.36047410
31880.69596372
31405.41719760
30946.55716104
30503.22137626
30074.58111320
29659.86735700
29258.36543467
28869.41021799
28492.38183110
28126.70180160
27771.82960209
27427.25953645
27092.51793109
26767.16059658
26450.77052964
26142.95582907
25843.34780260
25551.59924441
25267.38286547
24990.38986101
24720.32860129
24456.92343325
24199.91358227
23949.05214427
23704.10515959
23464.85076085
23231.07838810
23002.58806492
22779.18973006
22560.70261971
22346.95469583
22137.78211670
21933.02874593
21732.54569676
21536.19090871
21343.82875385
21155.32967038
20970.56982117
20789.43077544
20611.79921167
20437.56664010
20266.62914335
20098.88713370
19934.24512596
19772.61152453
19613.89842380
19458.02142087
19304.89943967
19154.45456569
19006.61189056
18861.29936588
18718.44766555
18577.99005604
18439.86227416
18304.00241171
18170.35080662
18038.84994019
17909.44433989
17782.08048755
17656.70673246
17533.27320917
17411.73175955
17292.03585906
17174.14054677
17058.00235901
16943.57926644
16830.83061425
16719.71706544
16610.20054681
16502.24419773
16395.81232132
16290.87033806
16187.38474161
16085.32305668
15984.65379901
15885.34643709
15787.37135576
15690.69982145
15595.30394899
15501.15666994
15408.23170239
15316.50352202
15225.94733451
15136.53904915
15048.25525357
14961.07318961
14874.97073015
14789.92635707
14705.91913994
14622.92871580
14540.93526966
14459.91951586
14379.86268016
14300.74648258
14222.55312098
14145.26525519
14068.86599189
13993.33886998
13918.66784666
13844.83728392
13771.83193560
13699.63693501
13628.23778296
13557.62033621
13487.77079648
13418.67569974
13350.32190598
13282.69658933
13215.78722857
13149.58159792
13084.06775827
13019.23404860
12955.06907784
12891.56171692
12828.70109111
12766.47657273
12704.87777397
12643.89454007
12583.51694267
12523.73527343
12464.54003786
12405.92194933
12347.87192331
12290.38107180
12233.44069794
12177.04229080
12121.17752035
12065.83823256
12011.01644472
11956.70434085
11902.89426730
11849.57872849
11796.75038271
11744.40203821
11692.52664922
11641.11731226
11590.16726247
11539.66987008
11489.61863701
11440.00719350
11390.82929496
11342.07881882
11293.74976149
11245.83623546
11198.33246644
11151.23279058
11104.53165182
11058.22359928
11012.30328470
10966.76546005
10921.60497510
10876.81677511
10832.39589861
10788.33747520
10744.63672342
10701.28894871
10658.28954138
10615.63397470
10573.31780296
10531.33665967
10489.68625573
10448.36237774
10407.36088623
10366.67771410
10326.30886496
10286.25041155
10246.49849429
10207.04931975
10167.89915921
10129.04434728
10090.48128054
10052.20641617
10014.21627069
9976.50741869
9939.07649161
9901.92017650
9865.03521493
9828.41840177
9792.06658413
9755.97666027
9720.14557855
9684.57033639
9649.24797927
9614.17559975
9579.35033655
9544.76937356
9510.42993900
9476.32930449
9442.46478418
9408.83373394
9375.43355052
9342.26167076
9309.31557078
9276.59276523
9244.09080655
9211.80728423
9179.73982410
9147.88608763
9116.24377126
9084.81060572
9053.58435541
9022.56281771
8991.74382243
8961.12523116
8930.70493670
8900.48086243
8870.45096184
8840.61321789
8810.96564249
8781.50627603
8752.23318676
8723.14447037
8694.23824948
8665.51267310
8636.96591625
8608.59617939
8580.40168808
8552.38069244
8524.53146677
8496.85230911
8469.34154084
8441.99750625
8414.81857214
8387.80312746
8360.94958292
8334.25637058
8307.72194353
8281.34477551
8255.12336057
8229.05621271
8203.14186556
8177.37887204
8151.76580405
8126.30125213
8100.98382517
8075.81215011
8050.78487163
8025.90065184
8001.15817005
7976.55612244
7952.09322179
7927.76819724
7903.57979399
7879.52677308
7855.60791110
7831.82199996
7808.16784664
7784.64427296
7761.25011533
7737.98422454
7714.84546551
7691.83271709
7668.94487182
7646.18083576
7623.53952821
7601.01988158
7578.62084114
7556.34136485
7534.18042313
7512.13699872
7490.21008645
7468.39869306
7446.70183707
7425.11854853
7403.64786891
7382.28885088
7361.04055817
7339.90206542
7318.87245798
7297.95083176
7277.13629312
7256.42795866
7235.82495508
7215.32641909
7194.93149717
7174.63934551
7154.44912982
7134.36002523
7114.37121612
7094.48189602
7074.69126744
7054.99854179
7035.40293922
7015.90368849
6996.50002689
6977.19120009
6957.97646201
6938.85507474
6919.82630840
6900.88944104
6882.04375854
6863.28855447
6844.62313000
6826.04679383
6807.55886203
6789.15865796
6770.84551222
6752.61876246
6734.47775335
6716.42183649
6698.45037027
6680.56271981
6662.75825688
6645.03635978
6627.39641328
6609.83780851
6592.35994292
6574.96222013
6557.64404992
6540.40484809
6523.24403642
6506.16104258
6489.15530004
6472.22624803
6455.37333141
6438.59600068
6421.89371180
6405.26592622
6388.71211076
6372.23173754
6355.82428393
6339.48923248
6323.22607084
6307.03429171
6290.91339279
6274.86287667
6258.88225083
6242.97102752
6227.12872376
6211.35486123
6195.64896623
6180.01056964
6164.43920684
6148.93441767
6133.49574637
6118.12274152
6102.81495600
6087.57194692
6072.39327560
6057.27850747
6042.22721209
6027.23896302
6012.31333784
5997.44991806
5982.64828909
5967.90804020
5953.22876445
5938.61005868
5924.05152343
5909.55276292
5895.11338500
5880.73300110
5866.41122621
5852.14767880
5837.94198083
5823.79375767
5809.70263806
5795.66825412
5781.69024124
5767.76823811
5753.90188661
5740.09083186
5726.33472210
5712.63320872
5698.98594618
5685.39259200
5671.85280671
5658.36625382
5644.93259981
5631.55151405
5618.22266881
5604.94573922
5591.72040321
5578.54634151
5565.42323761
5552.35077772
5539.32865077
5526.35654832
5513.43416461
5500.56119646
5487.73734328
5474.96230705
5462.23579226
5449.55750589
5436.92715741
5424.34445873
5411.80912419
5399.32087048
5386.87941672
5374.48448432
5362.13579704
5349.83308090
5337.57606423
5325.36447757
5313.19805369
5301.07652757
5288.99963635
5276.96711933
5264.97871792
5253.03417566
5241.13323817
5229.27565312
5217.46117024
5205.68954126
5193.96051993
5182.27386196
5170.62932505
5159.02666879
5147.46565474
5135.94604632
5124.46760886
5113.03010953
5101.63331735
5090.27700316
5078.96093961
5067.68490114
5056.44866395
5045.25200600
5034.09470697
5022.97654827
5011.89731301
5000.85678597
4989.85475361
4978.89100403
4967.96532696
4957.07751377
4946.22735739
4935.41465238
4924.63919484
4913.90078243
4903.19921436
4892.53429135
4881.90581564
4871.31359097
4860.75742254
4850.23711704
4839.75248260
4829.30332877
4818.88946657
4808.51070839
4798.16686803
4787.85776068
4777.58320290
4767.34301259
4757.13700903
4746.96501280
4736.82684581
4726.72233128
4716.65129373
4706.61355895
4696.60895400
4686.63730723
4676.69844819
4666.79220771
4656.91841780
4647.07691173
4637.26752394
4627.49009007
4617.74444693
4608.03043252
4598.34788598
4588.69664760
4579.07655882
4569.48746220
4559.92920140
4550.40162121
4540.90456750
4531.43788724
4522.00142846
4512.59504028
4503.21857286
4493.87187740
4484.55480616
4475.26721243
4466.00895048
4456.77987565
4447.57984424
4438.40871355
4429.26634188
4420.15258849
4411.06731362
4402.01037844
4392.98164512
4383.98097672
4375.00823726
4366.06329169
4357.14600587
4348.25624655
4339.39388142
4330.55877904
4321.75080885
4312.96984118
4304.21574724
4295.48839907
4286.78766961
4278.11343260
4269.46556267
4260.84393525
4252.24842661
4243.67891384
4235.13527483
4226.61738830
4218.12513375
4209.65839147
4201.21704256
4192.80096887
4184.41005304
4176.04417848
4167.70322934
4159.38709053
4151.09564773
4142.82878733
4134.58639648
4126.36836303
4118.17457558
4110.00492344
4101.85929662
4093.73758583
4085.63968251
4077.56547877
4069.51486740
4061.48774190
4053.48399642
4045.50352579
4037.54622552
4029.61199175
4021.70072130
4013.81231163
4005.94666085
3998.10366769
3990.28323155
3982.48525243
3974.70963095
3966.95626838
3959.22506657
3951.51592799
3943.82875572
3936.16345345
3928.51992544
3920.89807654
3913.29781222
3905.71903849
3898.16166196
3890.62558980
3883.11072975
3875.61699012
3868.14427977
3860.69250811
3853.26158511
3845.85142128
3838.46192767
3831.09301588
3823.74459801
3816.41658672
3809.10889519
3801.82143710
3794.55412667
3787.30687862
3780.07960818
3772.87223109
3765.68466359
3758.51682240
3751.36862476
3744.23998837
3737.13083145
3730.04107267
3722.97063120
3715.91942668
3708.88737920
3701.87440936
3694.88043817
3687.90538716
3680.94917827
3674.01173391
3667.09297695
3660.19283069
3653.31121888
3646.44806573
3639.60329585
3632.77683431
3625.96860660
3619.17853864
3612.40655679
3605.65258780
3598.91655887
3592.19839758
3585.49803196
3578.81539042
3572.15040179
3565.50299530
3558.87310057
3552.26064765
3545.66556693
3539.08778925
3532.52724580
3525.98386817
3519.45758833
3512.94833862
3506.45605178
3499.98066091
3493.52209948
3487.08030133
3480.65520069
3474.24673212
3467.85483056
3461.47943131
3455.12047002
3448.77788269
3442.45160569
3436.14157571
3429.84772982
3423.57000542
3417.30834023
3411.06267234
3404.83294017
3398.61908246
3392.42103829
3386.23874709
3380.07214858
3373.92118283
3367.78579024
3361.66591150
3355.56148765
3349.47246003
3343.39877030
3337.34036042
3331.29717268
3325.26914967
3319.25623427
3313.25836968
3307.27549941
3301.30756724
3295.35451728
3289.41629392
3283.49284182
3277.58410599
3271.69003166
3265.81056441
3259.94565005
3254.09523473
3248.25926482
3242.43768703
3236.63044830
3230.83749588
3225.05877727
3219.29424025
3213.54383288
3207.80750347
3202.08520063
3196.37687319
3190.68247027
3185.00194126
3179.33523578
3173.68230374
3168.04309529
3162.41756084
3156.80565103
3151.20731680
3145.62250929
3140.05117992
3134.49328034
3128.94876245
3123.41757840
3117.89968056
3112.39502158
3106.90355431
3101.42523185
3095.96000753
3090.50783494
3085.06866787
3079.64246035
3074.22916665
3068.82874126
3063.44113890
3058.06631451
3052.70422326
3047.35482053
3042.01806193
3036.69390329
3031.38230067
3026.08321031
3020.79658870
3015.52239254
3010.26057872
3005.01110436
2999.77392678
2994.54900353
2989.33629233
2984.13575114
2978.94733811
2973.77101158
2968.60673013
2963.45445250
2958.31413765
2953.18574473
2948.06923310
2942.96456230
2937.87169208
2932.79058237
2927.72119330
2922.66348518
2917.61741852
2912.58295402
2907.56005257
2902.54867523
2897.54878325
2892.56033809
2887.58330135
2882.61763484
2877.66330055
2872.72026064
2867.78847745
2862.86791350
2857.95853149
2853.06029429
2848.17316494
2843.29710665
2838.43208283
2833.57805703
2828.73499298
2823.90285458
2819.08160590
2814.27121118
2809.47163480
2804.68284135
2799.90479554
2795.13746227
2790.38080659
2785.63479373
2780.89938904
2776.17455807
2771.46026651
2766.75648021
2762.06316517
2757.38028755
2752.70781367
2748.04571000
2743.39394316
2738.75247992
2734.12128720
2729.50033209
2724.88958179
2720.28900368
2715.69856529
2711.11823426
2706.54797843
2701.98776572
2697.43756426
2692.89734227
2688.36706815
2683.84671041
2679.33623773
2674.83561890
2670.34482288
2665.86381874
2661.39257571
2656.93106313
2652.47925051
2648.03710747
2643.60460378
2639.18170932
2634.76839412
2630.36462835
2625.97038229
2621.58562637
2617.21033113
2612.84446726
2608.48800556
2604.14091697
2599.80317254
2595.47474348
2591.15560109
2586.84571681
2582.54506221
2578.25360896
2573.97132887
2569.69819388
2565.43417603
2561.17924751
2556.93338058
2552.69654768
2548.46872132
2544.24987416
2540.03997895
2535.83900858
2531.64693605
2527.46373445
2523.28937703
2519.12383711
2514.96708816
2510.81910374
2506.67985752
2502.54932330
2498.42747497
2494.31428655
2490.20973215
2486.11378601
2482.02642247
2477.94761595
2473.87734103
2469.81557236
2465.76228470
2461.71745293
2457.68105202
2453.65305705
2449.63344320
2445.62218577
2441.61926014
2437.62464180
2433.63830635
2429.66022948
2425.69038698
2421.72875476
2417.77530880
2413.83002521
2409.89288016
2405.96384995
2402.04291097
2398.13003970
2394.22521271
2390.32840670
2386.43959842
2382.55876474
2378.68588261
2374.82092911
2370.96388136
2367.11471662
2363.27341220
2359.43994554
2355.61429415
2351.79643564
2347.98634769
2344.18400810
2340.38939474
2336.60248558
2332.82325867
2329.05169214
2325.28776423
2321.53145324
2317.78273759
2314.04159576
2310.30800632
2306.58194794
2302.86339935
2299.15233938
2295.44874694
2291.75260104
2288.06388075
2284.38256522
2280.70863371
2277.04206554
2273.38284011
2269.73093691
2266.08633551
2262.44901557
2258.81895679
2255.19613901
2251.58054209
2247.97214601
2244.37093080
2240.77687659
2237.18996358
2233.61017204
2230.03748233
2226.47187486
2222.91333015
2219.36182877
2215.81735137
2212.27987869
2208.74939152
2205.22587075
2201.70929733
2198.19965227
2194.69691667
2191.20107170
2187.71209861
2184.22997870
2180.75469335
2177.28622403
2173.82455226
2170.36965963
2166.92152780
2163.48013852
2160.04547358
2156.61751487
2153.19624431
2149.78164393
2146.37369580
2142.97238206
2139.57768492
2136.18958668
2132.80806966
2129.43311629
2126.06470904
2122.70283045
2119.34746314
2115.99858978
2112.65619311
2109.32025592
2105.99076109
2102.66769154
2099.35103028
2096.04076035
2092.73686488
2089.43932705
2086.14813010
2082.86325734
2079.58469213
2076.31241792
2073.04641817
2069.78667645
2066.53317637
2063.28590160
2060.04483586
2056.80996296
2053.58126673
2050.35873109
2047.14234000
2043.93207750
2040.72792765
2037.52987461
2034.33790258
2031.15199580
2027.97213860
2024.79831534
2021.63051045
2018.46870841
2015.31289377
2012.16305111
2009.01916508
2005.88122040
2002.74920182
1999.62309415
1996.50288226
1993.38855108
1990.28008559
1987.17747081
1984.08069182
1980.98973378
1977.90458185
1974.82522129
1971.75163740
1968.68381551
1965.62174103
1962.56539941
1959.51477615
1956.46985680
1953.43062697
1950.39707231
1947.36917852
1944.34693137
1941.33031666
1938.31932024
1935.31392802