0.00000000
0.00003167
0.00008958
0.00016456
0.00025336
0.00035408
0.00046546
0.00058654
0.00071662
0.00085510
0.00100150
0.00115542
0.00131651
0.00148445
0.00165899
0.00183988
0.00202690
0.00221986
0.00241858
0.00262290
0.00283268
0.00304776
0.00326803
0.00349336
0.00372365
0.00395878
0.00419867
0.00444322
0.00469233
0.00494594
0.00520396
0.00546631
0.00573293
0.00600375
0.00627871
0.00655773
0.00684078
0.00712778
0.00741869
0.00771345
0.00801202
0.00831434
0.00862037
0.00893006
0.00924338
0.00956028
0.00988072
0.01020466
0.01053207
0.01086290
0.01119713
0.01153472
0.01187563
0.01221984
0.01256731
0.01291802
0.01327192
0.01362900
0.01398923
0.01435257
0.01471901
0.01508852
0.01546106
0.01583662
0.01621518
0.01659670
0.01698117
0.01736857
0.01775886
0.01815204
0.01854807
0.01894695
0.01934864
0.01975314
0.02016041
0.02057044
0.02098322
0.02139872
0.02181693
0.02223783
0.02266140
0.02308763
0.02351649
0.02394798
0.02438208
0.02481876
0.02525803
0.02569985
0.02614423
0.02659113
0.02704055
0.02749248
0.02794689
0.02840378
0.02886314
0.02932494
0.02978918
0.03025585
0.03072493
0.03119641
0.03167027
0.03214651
0.03262511
0.03310607
0.03358936
0.03407499
0.03456293
0.03505318
0.03554573
0.03604056
0.03653767
0.03703704
0.03753866
0.03804253
0.03854864
0.03905697
0.03956751
0.04008026
0.04059521
0.04111234
0.04163165
0.04215313
0.04267677
0.04320256
0.04373049
0.04426055
0.04479274
0.04532704
0.04586345
0.04640196
0.04694256
0.04748525
0.04803001
0.04857684
0.04912572
0.04967666
0.05022965
0.05078467
0.05134172
0.05190079
0.05246188
0.05302497
0.05359007
0.05415715
0.05472623
0.05529728
0.05587031
0.05644530
0.05702225
0.05760115
0.05818200
0.05876479
0.05934951
0.05993616
0.06052473
0.06111521
0.06170760
0.06230189
0.06289808
0.06349616
0.06409612
0.06469796
0.06530167
0.06590725
0.06651469
0.06712398
0.06773512
0.06834810
0.06896293
0.06957958
0.07019807
0.07081837
0.07144049
0.07206442
0.07269016
0.07331770
0.07394704
0.07457816
0.07521107
0.07584576
0.07648223
0.07712046
0.07776047
0.07840223
0.07904575
0.07969102
0.08033803
0.08098679
0.08163728
0.08228951
0.08294346
0.08359914
0.08425654
0.08491565
0.08557647
0.08623899
0.08690322
0.08756914
0.08823676
0.08890606
0.08957705
0.09024972
0.09092406
0.09160007
0.09227775
0.09295710
0.09363810
0.09432076
0.09500507
0.09569102
0.09637862
0.09706786
0.09775873
0.09845124
0.09914537
0.09984112
0.10053850
0.10123749
0.10193809
0.10264031
0.10334412
0.10404954
0.10475656
0.10546517
0.10617537
0.10688716
0.10760053
0.10831549
0.10903201
0.10975012
0.11046979
0.11119103
0.11191383
0.11263819
0.11336410
0.11409157
0.11482059
0.11555115
0.11628326
0.11701691
0.11775209
0.11848881
0.11922705
0.11996683
0.12070813
0.12145094
0.12219528
0.12294113
0.12368849
0.12443736
0.12518773
0.12593961
0.12669299
0.12744786
0.12820423
0.12896208
0.12972143
0.13048225
0.13124456
0.13200835
0.13277362
0.13354036
0.13430856
0.13507824
0.13584938
0.13662198
0.13739604
0.13817156
0.13894853
0.13972695
0.14050682
0.14128814
0.14207090
0.14285510
0.14364073
0.14442780
0.14521631
0.14600624
0.14679760
0.14759039
0.14838459
0.14918022
0.14997727
0.15077572
0.15157559
0.15237687
0.15317956
0.15398365
0.15478914
0.15559604
0.15640433
0.15721401
0.15802509
0.15883756
0.15965141
0.16046665
0.16128328
0.16210128
0.16292066
0.16374142
0.16456355
0.16538705
0.16621193
0.16703817
0.16786577
0.16869473
0.16952506
0.17035674
0.17118978
0.17202418
0.17285992
0.17369701
0.17453545
0.17537524
0.17621637
0.17705883
0.17790264
0.17874778
0.17959426
0.18044207
0.18129120
0.18214167
0.18299346
0.18384658
0.18470102
0.18555677
0.18641385
0.18727224
0.18813194
0.18899295
0.18985528
0.19071891
0.19158385
0.19245009
0.19331763
0.19418648
0.19505662
0.19592805
0.19680078
0.19767480
0.19855012
0.19942672
0.20030460
0.20118377
0.20206423
0.20294596
0.20382897
0.20471326
0.20559883
0.20648567
0.20737378
0.20826315
0.20915380
0.21004571
0.21093889
0.21183333
0.21272903
0.21362599
0.21452421
0.21542368
0.21632441
0.21722638
0.21812961
0.21903409
0.21993981
0.22084678
0.22175499
0.22266444
0.22357513
0.22448706
0.22540023
0.22631463
0.22723027
0.22814713
0.22906523
0.22998455
0.23090511
0.23182688
0.23274988
0.23367410
0.23459954
0.23552620
0.23645408
0.23738317
0.23831348
0.23924500
0.24017772
0.24111166
0.24204681
0.24298316
0.24392071
0.24485947
0.24579943
0.24674059
0.24768294
0.24862650
0.24957125
0.25051719
0.25146432
0.25241265
0.25336216
0.25431286
0.25526475
0.25621782
0.25717208
0.25812752
0.25908413
0.26004193
0.26100090
0.26196105
0.26292238
0.26388488
0.26484855
0.26581338
0.26677939
0.26774657
0.26871491
0.26968442
0.27065508
0.27162692
0.27259991
0.27357406
0.27454937
0.27552583
0.27650345
0.27748222
0.27846215
0.27944322
0.28042545
0.28140882
0.28239334
0.28337901
0.28436582
0.28535377
0.28634286
0.28733310
0.28832447
0.28931698
0.29031063
0.29130541
0.29230132
0.29329837
0.29429655
0.29529586
0.29629630
0.29729786
0.29830055
0.29930437
0.30030930
0.30131537
0.30232255
0.30333085
0.30434027
0.30535081
0.30636246
0.30737523
0.30838911
0.30940410
0.31042021
0.31143742
0.31245575
0.31347518
0.31449571
0.31551736
0.31654010
0.31756395
0.31858890
0.31961495
0.32064210
0.32167035
0.32269969
0.32373013
0.32476167
0.32579430
0.32682802
0.32786283
0.32889873
0.32993572
0.33097380
0.33201296
0.33305321
0.33409454
0.33513696
0.33618046
0.33722504
0.33827069
0.33931743
0.34036525
0.34141414
0.34246410
0.34351514
0.34456726
0.34562044
0.34667470
0.34773002
0.34878642
0.34984388
0.35090241
0.35196200
0.35302266
0.35408438
0.35514717
0.35621101
0.35727592
0.35834188
0.35940891
0.36047699
0.36154612
0.36261631
0.36368756
0.36475985
0.36583320
0.36690760
0.36798305
0.36905955
0.37013709
0.37121569
0.37229532
0.37337601
0.37445773
0.37554050
0.37662431
0.37770916
0.37879506
0.37988198
0.38096995
0.38205896
0.38314899
0.38424007
0.38533218
0.38642532
0.38751949
0.38861469
0.38971093
0.39080819
0.39190648
0.39300579
0.39410614
0.39520750
0.39630989
0.39741331
0.39851775
0.39962320
0.40072968
0.40183718
0.40294570
0.40405523
0.40516578
0.40627734
0.40738992
0.40850352
0.40961813
0.41073374
0.41185037
0.41296801
0.41408666
0.41520632
0.41632698
0.41744865
0.41857133
0.41969501
0.42081970
0.42194538
0.42307207
0.42419977
0.42532846
0.42645815
0.42758883
0.42872052
0.42985320
0.43098688
0.43212155
0.43325722
0.43439388
0.43553154
0.43667018
0.43780981
0.43895044
0.44009205
0.44123465
0.44237824
0.44352282
0.44466838
0.44581492
0.44696245
0.44811096
0.44926045
0.45041093
0.45156238
0.45271482
0.45386823
0.45502262
0.45617799
0.45733433
0.45849165
0.45964995
0.46080922
0.46196946
0.46313067
0.46429286
0.46545601
0.46662014
0.46778523
0.46895129
0.47011832
0.47128632
0.47245528
0.47362520
0.47479609
0.47596795
0.47714076
0.47831454
0.47948928
0.48066498
0.48184164
0.48301925
0.48419783
0.48537736
0.48655785
0.48773929
0.48892169
0.49010504
0.49128934
0.49247460
0.49366081
0.49484797
0.49603608
0.49722514
0.49841515
0.49960610
0.50079801
0.50199086
0.50318465
0.50437939
0.50557507
0.50677170
0.50796927
0.50916778
0.51036724
0.51156763
0.51276896
0.51397123
0.51517444
0.51637859
0.51758367
0.51878969
0.51999665
0.52120454
0.52241336
0.52362312
0.52483381
0.52604543
0.52725798
0.52847146
0.52968587
0.53090121
0.53211748
0.53333468
0.53455280
0.53577185
0.53699182
0.53821272
0.53943454
0.54065729
0.54188095
0.54310554
0.54433105
0.54555748
0.54678484
0.54801311
0.54924229
0.55047240
0.55170342
0.55293536
0.55416821
0.55540198
0.55663667
0.55787226
0.55910878
0.56034620
0.56158453
0.56282378
0.56406393
0.56530500
0.56654697
0.56778985
0.56903364
0.57027834
0.57152394
0.57277045
0.57401786
0.57526617
0.57651540
0.57776552
0.57901654
0.58026847
0.58152130
0.58277503
0.58402966
0.58528519
0.58654161
0.58779893
0.58905716
0.59031627
0.59157629
0.59283719
0.59409900
0.59536169
0.59662528
0.59788977
0.59915514
0.60042141
0.60168857
0.60295661
0.60422555
0.60549538
0.60676609
0.60803769
0.60931018
0.61058356
0.61185782
0.61313296
0.61440899
0.61568591
0.61696371
0.61824239
0.61952195
0.62080240
0.62208372
0.62336593
0.62464901
0.62593298
0.62721782
0.62850354
0.62979014
0.63107762
0.63236597
0.63365519
0.63494530
0.63623627
0.63752812
0.63882085
0.64011444
0.64140891
0.64270425
0.64400046
0.64529754
0.64659549
0.64789431
0.64919400
0.65049455
0.65179597
0.65309826
0.65440142
0.65570544
0.65701033
0.65831608
0.65962269
0.66093017
0.66223851
0.66354771
0.66485778
0.66616870
0.66748049
0.66879313
0.67010664
0.67142100
0.67273622
0.67405230
0.67536924
0.67668703
0.67800568
0.67932519
0.68064555
0.68196676
0.68328883
0.68461175
0.68593553
0.68726015
0.68858563
0.68991196
0.69123914
0.69256716
0.69389604
0.69522577
0.69655635
0.69788777
0.69922004
0.70055316
0.70188712
0.70322193
0.70455758
0.70589408
0.70723142
0.70856961
0.70990864
0.71124851
0.71258922
0.71393078
0.71527317
0.71661641
0.71796048
0.71930540
0.72065115
0.72199774
0.72334517
0.72469344
0.72604254
0.72739248
0.72874326
0.73009487
0.73144731
0.73280059
0.73415470
0.73550965
0.73686543
0.73822204
0.73957948
0.74093775
0.74229685
0.74365679
0.74501755
0.74637914
0.74774156
0.74910481
0.75046888
0.75183379
0.75319952
0.75456607
0.75593345
0.75730166
0.75867069
0.76004054
0.76141122
0.76278272
0.76415504
0.76552818
0.76690215
0.76827694
0.76965254
0.77102897
0.77240622
0.77378428
0.77516317
0.77654287
0.77792339
0.77930473
0.78068688
0.78206985
0.78345364
0.78483824
0.78622366
0.78760989
0.78899693
0.79038479
0.79177346
0.79316294
0.79455324
0.79594434
0.79733626
0.79872898
0.80012252
0.80151687
0.80291202
0.80430799
0.80570476
0.80710234
0.80850073
0.80989992
0.81129992
0.81270072
0.81410233
0.81550475
0.81690797
0.81831199
0.81971682
0.82112245
0.82252888
0.82393612
0.82534416
0.82675299
0.82816263
0.82957307
0.83098431
0.83239635
0.83380918
0.83522282
0.83663725
0.83805248
0.83946851
0.84088533
0.84230295
0.84372137
0.84514058
0.84656059
0.84798139
0.84940298
0.85082537
0.85224855
0.85367253
0.85509729
0.85652285
0.85794920
0.85937634
0.86080427
0.86223299
0.86366250
0.86509280
0.86652389
0.86795577
0.86938843
0.87082188
0.87225612
0.87369114
0.87512696
0.87656355
0.87800093
0.87943910
0.88087805
0.88231779
0.88375831
0.88519961
0.88664169
0.88808456
0.88952821
0.89097264
0.89241785
0.89386384
0.89531061
0.89675816
0.89820649
0.89965560
0.90110549
0.90255616
0.90400760
0.90545982
0.90691282
0.90836659
0.90982114
0.91127647
0.91273257
0.91418945
0.91564709
0.91710552
0.91856472
0.92002469
0.92148543
0.92294694
0.92440923
0.92587229
0.92733612
0.92880072
0.93026609
0.93173223
0.93319914
0.93466682
0.93613527
0.93760448
0.93907446
0.94054522
0.94201673
0.94348902
0.94496207
0.94643588
0.94791047
0.94938581
0.95086192
0.95233880
0.95381644
0.95529484
0.95677401
0.95825394
0.95973463
0.96121608
0.96269830
0.96418127
0.96566501
0.96714950
0.96863476
0.97012078
0.97160755
0.97309508
0.97458338
0.97607243
0.97756223
0.97905280
0.98054412
0.98203620
0.98352903
0.98502262
0.98651697
0.98801207
0.98950792
0.99100453
0.99250189
0.99400001
0.99549888
0.99699850
0.99849887
1.00000000