0.12000000
0.12024227
0.12048504
0.12072829
0.12097204
0.12121627
0.12146100
0.12170623
0.12195195
0.12219816
0.12244488
0.12269209
0.12293980
0.12318801
0.12343672
0.12368593
0.12393565
0.12418587
0.12443659
0.12468783
0.12493957
0.12519181
0.12544457
0.12569784
0.12595161
0.12620591
0.12646071
0.12671603
0.12697186
0.12722821
0.12748508
0.12774247
0.12800037
0.12825880
0.12851775
0.12877722
0.12903722
0.12929774
0.12955878
0.12982036
0.13008246
0.13034509
0.13060825
0.13087194
0.13113617
0.13140092
0.13166622
0.13193205
0.13219841
0.13246531
0.13273275
0.13300074
0.13326926
0.13353832
0.13380793
0.13407808
0.13434878
0.13462002
0.13489182
0.13516416
0.13543705
0.13571049
0.13598448
0.13625903
0.13653413
0.13680979
0.13708600
0.13736277
0.13764010
0.13791799
0.13819644
0.13847545
0.13875503
0.13903517
0.13931587
0.13959714
0.13987899
0.14016139
0.14044437
0.14072793
0.14101205
0.14129675
0.14158202
0.14186787
0.14215429
0.14244129
0.14272888
0.14301704
0.14330578
0.14359511
0.14388502
0.14417552
0.14446661
0.14475828
0.14505054
0.14534339
0.14563683
0.14593086
0.14622549
0.14652071
0.14681653
0.14711295
0.14740996
0.14770758
0.14800579
0.14830461
0.14860403
0.14890406
0.14920469
0.14950592
0.14980777
0.15011022
0.15041329
0.15071697
0.15102126
0.15132616
0.15163169
0.15193782
0.15224458
0.15255195
0.15285995
0.15316857
0.15347781
0.15378767
0.15409816
0.15440928
0.15472102
0.15503340
0.15534641
0.15566004
0.15597431
0.15628922
0.15660476
0.15692094
0.15723775
0.15755521
0.15787331
0.15819205
0.15851143
0.15883146
0.15915213
0.15947345
0.15979542
0.16011804
0.16044131
0.16076524
0.16108981
0.16141505
0.16174094
0.16206748
0.16239469
0.16272256
0.16305109
0.16338028
0.16371014
0.16404066
0.16437185
0.16470371
0.16503624
0.16536944
0.16570332
0.16603786
0.16637309
0.16670899
0.16704556
0.16738282
0.16772076
0.16805938
0.16839868
0.16873867
0.16907935
0.16942071
0.16976277
0.17010551
0.17044895
0.17079307
0.17113790
0.17148342
0.17182964
0.17217655
0.17252417
0.17287249
0.17322151
0.17357124
0.17392167
0.17427281
0.17462466
0.17497722
0.17533049
0.17568447
0.17603917
0.17639459
0.17675072
0.17710757
0.17746514
0.17782344
0.17818245
0.17854220
0.17890267
0.17926386
0.17962579
0.17998844
0.18035183
0.18071596
0.18108081
0.18144641
0.18181274
0.18217981
0.18254762
0.18291618
0.18328548
0.18365552
0.18402632
0.18439786
0.18477015
0.18514319
0.18551699
0.18589154
0.18626684
0.18664291
0.18701973
0.18739732
0.18777566
0.18815477
0.18853465
0.18891529
0.18929670
0.18967889
0.19006184
0.19044557
0.19083007
0.19121534
0.19160140
0.19198823
0.19237585
0.19276425
0.19315343
0.19354340
0.19393415
0.19432570
0.19471803
0.19511116
0.19550508
0.19589980
0.19629531
0.19669162
0.19708873
0.19748665
0.19788536
0.19828488
0.19868521
0.19908635
0.19948830
0.19989105
0.20029463
0.20069901
0.20110421
0.20151023
0.20191707
0.20232474
0.20273322
0.20314253
0.20355266
0.20396363
0.20437542
0.20478805
0.20520150
0.20561580
0.20603093
0.20644689
0.20686370
0.20728135
0.20769984
0.20811918
0.20853936
0.20896039
0.20938227
0.20980501
0.21022859
0.21065304
0.21107834
0.21150449
0.21193151
0.21235939
0.21278814
0.21321775
0.21364822
0.21407957
0.21451179
0.21494488
0.21537884
0.21581368
0.21624940
0.21668600
0.21712348
0.21756184
0.21800109
0.21844122
0.21888224
0.21932416
0.21976696
0.22021066
0.22065526
0.22110075
0.22154714
0.22199444
0.22244263
0.22289174
0.22334174
0.22379266
0.22424449
0.22469723
0.22515088
0.22560545
0.22606094
0.22651735
0.22697467
0.22743293
0.22789210
0.22835221
0.22881324
0.22927520
0.22973810
0.23020193
0.23066670
0.23113240
0.23159905
0.23206664
0.23253517
0.23300465
0.23347507
0.23394645
0.23441878
0.23489206
0.23536630
0.23584149
0.23631764
0.23679476
0.23727284
0.23775188
0.23823189
0.23871287
0.23919482
0.23967774
0.24016164
0.24064652
0.24113237
0.24161921
0.24210703
0.24259583
0.24308562
0.24357640
0.24406817
0.24456093
0.24505469
0.24554944
0.24604520
0.24654195
0.24703971
0.24753847
0.24803824
0.24853902
0.24904081
0.24954361
0.25004743
0.25055226
0.25105811
0.25156499
0.25207289
0.25258181
0.25309176
0.25360274
0.25411476
0.25462780
0.25514188
0.25565700
0.25617316
0.25669037
0.25720861
0.25772791
0.25824825
0.25876964
0.25929208
0.25981558
0.26034014
0.26086575
0.26139243
0.26192017
0.26244897
0.26297885
0.26350979
0.26404180
0.26457489
0.26510906
0.26564430
0.26618062
0.26671803
0.26725652
0.26779610
0.26833677
0.26887853
0.26942138
0.26996533
0.27051038
0.27105653
0.27160378
0.27215214
0.27270160
0.27325217
0.27380386
0.27435665
0.27491057
0.27546560
0.27602175
0.27657903
0.27713743
0.27769696
0.27825762
0.27881940
0.27938233
0.27994639
0.28051159
0.28107793
0.28164541
0.28221404
0.28278382
0.28335475
0.28392683
0.28450006
0.28507446
0.28565001
0.28622672
0.28680460
0.28738365
0.28796386
0.28854525
0.28912781
0.28971155
0.29029646
0.29088256
0.29146983
0.29205830
0.29264795
0.29323879
0.29383083
0.29442406
0.29501849
0.29561412
0.29621095
0.29680899
0.29740823
0.29800869
0.29861035
0.29921323
0.29981733
0.30042265
0.30102919
0.30163695
0.30224595
0.30285617
0.30346762
0.30408031
0.30469423
0.30530940
0.30592580
0.30654345
0.30716235
0.30778250
0.30840390
0.30902655
0.30965046
0.31027563
0.31090206
0.31152976
0.31215873
0.31278896
0.31342047
0.31405325
0.31468731
0.31532265
0.31595927
0.31659718
0.31723637
0.31787686
0.31851864
0.31916171
0.31980609
0.32045176
0.32109874
0.32174702
0.32239662
0.32304752
0.32369974
0.32435327
0.32500813
0.32566431
0.32632181
0.32698064
0.32764080
0.32830229
0.32896512
0.32962928
0.33029479
0.33096164
0.33162984
0.33229938
0.33297028
0.33364253
0.33431614
0.33499111
0.33566744
0.33634514
0.33702420
0.33770464
0.33838645
0.33906964
0.33975421
0.34044015
0.34112749
0.34181621
0.34250632
0.34319783
0.34389073
0.34458503
0.34528073
0.34597783
0.34667635
0.34737627
0.34807761
0.34878036
0.34948453
0.35019013
0.35089715
0.35160559
0.35231547
0.35302678
0.35373952
0.35445371
0.35516933
0.35588640
0.35660492
0.35732489
0.35804632
0.35876919
0.35949353
0.36021934
0.36094660
0.36167534
0.36240554
0.36313722
0.36387038
0.36460502
0.36534114
0.36607875
0.36681785
0.36755843
0.36830052
0.36904410
0.36978918
0.37053577
0.37128387
0.37203347
0.37278459
0.37353723
0.37429138
0.37504706
0.37580426
0.37656299
0.37732326
0.37808506
0.37884839
0.37961327
0.38037969
0.38114766
0.38191718
0.38268826
0.38346089
0.38423508
0.38501083
0.38578815
0.38656704
0.38734750
0.38812954
0.38891316
0.38969835
0.39048514
0.39127351
0.39206347
0.39285503
0.39364819
0.39444295
0.39523931
0.39603728
0.39683686
0.39763806
0.39844087
0.39924530
0.40005136
0.40085905
0.40166837
0.40247932
0.40329190
0.40410613
0.40492200
0.40573952
0.40655869
0.40737952
0.40820200
0.40902614
0.40985195
0.41067942
0.41150856
0.41233938
0.41317187
0.41400605
0.41484191
0.41567946
0.41651869
0.41735963
0.41820226
0.41904659
0.41989263
0.42074037
0.42158983
0.42244100
0.42329389
0.42414850
0.42500484
0.42586290
0.42672270
0.42758423
0.42844751
0.42931252
0.43017929
0.43104780
0.43191806
0.43279009
0.43366387
0.43453942
0.43541674
0.43629582
0.43717668
0.43805932
0.43894375
0.43982995
0.44071795
0.44160774
0.44249933
0.44339271
0.44428790
0.44518490
0.44608371
0.44698433
0.44788677
0.44879104
0.44969713
0.45060504
0.45151480
0.45242638
0.45333981
0.45425509
0.45517221
0.45609118
0.45701201
0.45793469
0.45885924
0.45978566
0.46071395
0.46164411
0.46257615
0.46351007
0.46444587
0.46538357
0.46632316
0.46726464
0.46820803
0.46915332
0.47010052
0.47104963
0.47200066
0.47295361
0.47390848
0.47486528
0.47582401
0.47678468
0.47774729
0.47871184
0.47967833
0.48064678
0.48161719
0.48258955
0.48356388
0.48454017
0.48551844
0.48649868
0.48748090
0.48846510
0.48945129
0.49043947
0.49142964
0.49242182
0.49341599
0.49441218
0.49541038
0.49641059
0.49741282
0.49841707
0.49942335
0.50043167
0.50144202
0.50245441
0.50346884
0.50448532
0.50550385
0.50652444
0.50754709
0.50857181
0.50959859
0.51062745
0.51165838
0.51269140
0.51372650
0.51476369
0.51580297
0.51684436
0.51788784
0.51893344
0.51998114
0.52103096
0.52208290
0.52313696
0.52419315
0.52525147
0.52631193
0.52737453
0.52843928
0.52950617
0.53057522
0.53164643
0.53271980
0.53379534
0.53487304
0.53595293
0.53703499
0.53811924
0.53920568
0.54029431
0.54138514
0.54247818
0.54357342
0.54467087
0.54577053
0.54687242
0.54797653
0.54908287
0.55019144
0.55130226
0.55241531
0.55353061
0.55464817
0.55576798
0.55689005
0.55801438
0.55914099
0.56026987
0.56140103
0.56253447
0.56367020
0.56480823
0.56594855
0.56709118
0.56823611
0.56938335
0.57053291
0.57168479
0.57283900
0.57399553
0.57515441
0.57631562
0.57747917
0.57864508
0.57981334
0.58098395
0.58215693
0.58333228
0.58451000
0.58569010
0.58687259
0.58805746
0.58924472
0.59043438
0.59162644
0.59282090
0.59401778
0.59521708
0.59641879
0.59762294
0.59882951
0.60003852
0.60124997
0.60246387
0.60368022
0.60489902
0.60612028
0.60734401
0.60857021
0.60979889
0.61103005
0.61226369
0.61349982
0.61473845
0.61597958
0.61722322
0.61846936
0.61971802
0.62096921
0.62222292
0.62347916
0.62473793
0.62599925
0.62726312
0.62852953
0.62979850
0.63107004
0.63234414
0.63362082
0.63490007
0.63618190
0.63746633
0.63875334
0.64004296
0.64133517
0.64263000
0.64392744
0.64522750
0.64653019
0.64783550
0.64914346
0.65045405
0.65176728
0.65308317
0.65440172
0.65572293
0.65704680
0.65837335
0.65970258
0.66103449
0.66236909
0.66370638
0.66504637
0.66638907
0.66773448
0.66908261
0.67043346
0.67178703
0.67314334
0.67450239
0.67586418
0.67722871
0.67859601
0.67996606
0.68133889
0.68271448
0.68409285
0.68547400
0.68685794
0.68824468
0.68963421
0.69102655
0.69242171
0.69381967
0.69522046
0.69662408
0.69803054
0.69943983
0.70085197
0.70226696
0.70368480
0.70510551
0.70652909
0.70795554
0.70938487
0.71081708
0.71225219
0.71369020
0.71513111
0.71657492
0.71802166
0.71947131
0.72092389
0.72237940
0.72383785
0.72529925
0.72676360
0.72823090
0.72970117
0.73117440
0.73265061
0.73412980
0.73561197
0.73709714
0.73858531
0.74007648
0.74157066
0.74306786
0.74456808
0.74607133
0.74757761
0.74908694
0.75059931
0.75211474
0.75363322
0.75515478
0.75667940
0.75820710
0.75973789
0.76127176
0.76280874
0.76434881
0.76589200
0.76743830
0.76898773
0.77054028
0.77209596
0.77365479
0.77521677
0.77678189
0.77835018
0.77992164
0.78149626
0.78307407
0.78465506
0.78623924
0.78782663
0.78941721
0.79101101
0.79260803
0.79420827
0.79581174
0.79741845
0.79902840
0.80064160
0.80225806
0.80387778
0.80550078
0.80712705
0.80875660
0.81038944
0.81202558
0.81366503
0.81530778
0.81695385
0.81860324
0.82025597
0.82191203
0.82357143
0.82523418
0.82690030
0.82856977
0.83024262
0.83191884
0.83359844
0.83528144
0.83696784
0.83865764
0.84035085
0.84204748
0.84374754
0.84545103
0.84715796
0.84886833
0.85058216
0.85229944
0.85402020
0.85574443
0.85747214
0.85920333
0.86093803
0.86267622
0.86441793
0.86616315
0.86791189
0.86966417
0.87141998
0.87317934
0.87494225
0.87670872
0.87847875
0.88025236
0.88202955
0.88381033
0.88559471
0.88738268
0.88917427
0.89096947
0.89276830
0.89457076
0.89637686
0.89818660
0.90000000