0.32000000
0.32033141
0.32066316
0.32099525
0.32132769
0.32166047
0.32199359
0.32232706
0.32266088
0.32299504
0.32332955
0.32366441
0.32399961
0.32433516
0.32467105
0.32500730
0.32534389
0.32568083
0.32601812
0.32635576
0.32669375
0.32703208
0.32737077
0.32770981
0.32804920
0.32838895
0.32872904
0.32906949
0.32941029
0.32975144
0.33009294
0.33043480
0.33077702
0.33111958
0.33146251
0.33180578
0.33214942
0.33249340
0.33283775
0.33318245
0.33352751
0.33387293
0.33421870
0.33456483
0.33491132
0.33525817
0.33560538
0.33595295
0.33630088
0.33664916
0.33699781
0.33734682
0.33769619
0.33804593
0.33839602
0.33874648
0.33909730
0.33944849
0.33980003
0.34015195
0.34050422
0.34085686
0.34120987
0.34156324
0.34191698
0.34227109
0.34262556
0.34298040
0.34333560
0.34369118
0.34404712
0.34440343
0.34476011
0.34511716
0.34547458
0.34583236
0.34619052
0.34654905
0.34690796
0.34726723
0.34762687
0.34798689
0.34834728
0.34870805
0.34906919
0.34943070
0.34979258
0.35015484
0.35051748
0.35088049
0.35124388
0.35160764
0.35197178
0.35233630
0.35270120
0.35306647
0.35343212
0.35379815
0.35416456
0.35453135
0.35489852
0.35526607
0.35563400
0.35600231
0.35637100
0.35674007
0.35710953
0.35747937
0.35784959
0.35822019
0.35859118
0.35896256
0.35933431
0.35970646
0.36007898
0.36045190
0.36082520
0.36119888
0.36157296
0.36194742
0.36232227
0.36269751
0.36307313
0.36344915
0.36382555
0.36420234
0.36457953
0.36495710
0.36533507
0.36571343
0.36609218
0.36647132
0.36685085
0.36723078
0.36761110
0.36799181
0.36837292
0.36875443
0.36913633
0.36951862
0.36990131
0.37028440
0.37066788
0.37105176
0.37143604
0.37182071
0.37220579
0.37259126
0.37297713
0.37336340
0.37375008
0.37413715
0.37452462
0.37491250
0.37530077
0.37568945
0.37607853
0.37646801
0.37685790
0.37724819
0.37763889
0.37802999
0.37842149
0.37881340
0.37920572
0.37959844
0.37999157
0.38038511
0.38077905
0.38117340
0.38156816
0.38196333
0.38235891
0.38275490
0.38315130
0.38354810
0.38394532
0.38434296
0.38474100
0.38513945
0.38553832
0.38593760
0.38633730
0.38673740
0.38713793
0.38753886
0.38794022
0.38834198
0.38874417
0.38914677
0.38954979
0.38995322
0.39035708
0.39076135
0.39116604
0.39157115
0.39197668
0.39238262
0.39278899
0.39319578
0.39360299
0.39401063
0.39441868
0.39482716
0.39523606
0.39564538
0.39605513
0.39646530
0.39687590
0.39728692
0.39769837
0.39811025
0.39852255
0.39893528
0.39934843
0.39976201
0.40017603
0.40059047
0.40100533
0.40142063
0.40183636
0.40225252
0.40266911
0.40308614
0.40350359
0.40392148
0.40433980
0.40475855
0.40517773
0.40559735
0.40601741
0.40643790
0.40685882
0.40728019
0.40770198
0.40812422
0.40854689
0.40897000
0.40939355
0.40981753
0.41024196
0.41066682
0.41109213
0.41151787
0.41194406
0.41237069
0.41279776
0.41322527
0.41365322
0.41408162
0.41451046
0.41493975
0.41536948
0.41579965
0.41623027
0.41666134
0.41709285
0.41752481
0.41795722
0.41839008
0.41882338
0.41925713
0.41969133
0.42012598
0.42056109
0.42099664
0.42143264
0.42186910
0.42230600
0.42274336
0.42318117
0.42361944
0.42405816
0.42449733
0.42493696
0.42537704
0.42581758
0.42625858
0.42670003
0.42714194
0.42758431
0.42802713
0.42847042
0.42891416
0.42935836
0.42980303
0.43024815
0.43069373
0.43113978
0.43158629
0.43203326
0.43248069
0.43292859
0.43337695
0.43382577
0.43427506
0.43472482
0.43517504
0.43562572
0.43607688
0.43652850
0.43698059
0.43743314
0.43788617
0.43833966
0.43879363
0.43924806
0.43970297
0.44015834
0.44061419
0.44107051
0.44152730
0.44198457
0.44244231
0.44290052
0.44335921
0.44381837
0.44427801
0.44473812
0.44519871
0.44565978
0.44612133
0.44658335
0.44704585
0.44750883
0.44797229
0.44843623
0.44890065
0.44936555
0.44983094
0.45029680
0.45076315
0.45122998
0.45169729
0.45216509
0.45263337
0.45310214
0.45357139
0.45404113
0.45451136
0.45498207
0.45545327
0.45592496
0.45639713
0.45686980
0.45734296
0.45781660
0.45829074
0.45876536
0.45924048
0.45971609
0.46019219
0.46066879
0.46114588
0.46162346
0.46210154
0.46258011
0.46305918
0.46353874
0.46401881
0.46449937
0.46498042
0.46546198
0.46594403
0.46642658
0.46690963
0.46739319
0.46787724
0.46836179
0.46884685
0.46933241
0.46981847
0.47030504
0.47079211
0.47127968
0.47176776
0.47225634
0.47274543
0.47323503
0.47372513
0.47421574
0.47470686
0.47519849
0.47569063
0.47618327
0.47667643
0.47717010
0.47766427
0.47815896
0.47865417
0.47914988
0.47964611
0.48014286
0.48064011
0.48113789
0.48163617
0.48213498
0.48263430
0.48313414
0.48363449
0.48413536
0.48463676
0.48513867
0.48564110
0.48614405
0.48664752
0.48715152
0.48765603
0.48816107
0.48866663
0.48917272
0.48967933
0.49018646
0.49069412
0.49120231
0.49171102
0.49222025
0.49273002
0.49324031
0.49375114
0.49426249
0.49477437
0.49528678
0.49579972
0.49631319
0.49682719
0.49734173
0.49785680
0.49837240
0.49888854
0.49940521
0.49992242
0.50044016
0.50095844
0.50147725
0.50199661
0.50251650
0.50303692
0.50355789
0.50407940
0.50460145
0.50512403
0.50564716
0.50617083
0.50669505
0.50721980
0.50774510
0.50827095
0.50879733
0.50932427
0.50985175
0.51037977
0.51090834
0.51143746
0.51196713
0.51249735
0.51302811
0.51355943
0.51409129
0.51462371
0.51515668
0.51569019
0.51622427
0.51675889
0.51729407
0.51782980
0.51836609
0.51890293
0.51944033
0.51997829
0.52051680
0.52105587
0.52159550
0.52213569
0.52267644
0.52321774
0.52375961
0.52430204
0.52484503
0.52538858
0.52593270
0.52647738
0.52702262
0.52756843
0.52811480
0.52866174
0.52920925
0.52975732
0.53030596
0.53085517
0.53140495
0.53195530
0.53250621
0.53305770
0.53360976
0.53416239
0.53471559
0.53526937
0.53582371
0.53637864
0.53693414
0.53749021
0.53804686
0.53860408
0.53916189
0.53972027
0.54027922
0.54083876
0.54139888
0.54195958
0.54252085
0.54308271
0.54364515
0.54420818
0.54477178
0.54533597
0.54590075
0.54646611
0.54703205
0.54759858
0.54816570
0.54873340
0.54930170
0.54987058
0.55044005
0.55101011
0.55158076
0.55215200
0.55272383
0.55329626
0.55386928
0.55444289
0.55501710
0.55559190
0.55616729
0.55674328
0.55731987
0.55789706
0.55847484
0.55905322
0.55963220
0.56021178
0.56079196
0.56137275
0.56195413
0.56253611
0.56311870
0.56370189
0.56428569
0.56487009
0.56545509
0.56604070
0.56662692
0.56721374
0.56780117
0.56838922
0.56897786
0.56956712
0.57015699
0.57074747
0.57133856
0.57193027
0.57252258
0.57311551
0.57370906
0.57430322
0.57489799
0.57549338
0.57608939
0.57668601
0.57728325
0.57788112
0.57847959
0.57907869
0.57967841
0.58027875
0.58087972
0.58148130
0.58208351
0.58268634
0.58328980
0.58389388
0.58449859
0.58510392
0.58570988
0.58631647
0.58692368
0.58753153
0.58814000
0.58874910
0.58935884
0.58996921
0.59058020
0.59119184
0.59180410
0.59241700
0.59303053
0.59364470
0.59425951
0.59487495
0.59549103
0.59610774
0.59672510
0.59734310
0.59796173
0.59858101
0.59920092
0.59982148
0.60044269
0.60106453
0.60168702
0.60231015
0.60293393
0.60355836
0.60418343
0.60480915
0.60543552
0.60606253
0.60669020
0.60731852
0.60794748
0.60857710
0.60920737
0.60983829
0.61046987
0.61110210
0.61173498
0.61236852
0.61300272
0.61363757
0.61427308
0.61490925
0.61554608
0.61618357
0.61682171
0.61746052
0.61809999
0.61874012
0.61938092
0.62002238
0.62066450
0.62130729
0.62195074
0.62259486
0.62323965
0.62388510
0.62453123
0.62517802
0.62582548
0.62647361
0.62712242
0.62777189
0.62842204
0.62907286
0.62972436
0.63037653
0.63102938
0.63168290
0.63233710
0.63299198
0.63364753
0.63430376
0.63496068
0.63561827
0.63627655
0.63693550
0.63759514
0.63825546
0.63891647
0.63957816
0.64024054
0.64090360
0.64156735
0.64223178
0.64289691
0.64356272
0.64422922
0.64489641
0.64556430
0.64623287
0.64690214
0.64757210
0.64824276
0.64891411
0.64958615
0.65025889
0.65093233
0.65160646
0.65228129
0.65295683
0.65363306
0.65430999
0.65498762
0.65566596
0.65634499
0.65702473
0.65770518
0.65838633
0.65906818
0.65975074
0.66043401
0.66111798
0.66180267
0.66248806
0.66317416
0.66386098
0.66454850
0.66523674
0.66592569
0.66661535
0.66730572
0.66799682
0.66868862
0.66938115
0.67007439
0.67076835
0.67146303
0.67215842
0.67285454
0.67355138
0.67424894
0.67494722
0.67564623
0.67634596
0.67704641
0.67774759
0.67844949
0.67915213
0.67985549
0.68055958
0.68126439
0.68196994
0.68267622
0.68338323
0.68409097
0.68479945
0.68550866
0.68621860
0.68692928
0.68764069
0.68835285
0.68906574
0.68977936
0.69049373
0.69120884
0.69192468
0.69264127
0.69335860
0.69407667
0.69479549
0.69551505
0.69623536
0.69695641
0.69767821
0.69840076
0.69912405
0.69984810
0.70057289
0.70129844
0.70202473
0.70275178
0.70347958
0.70420814
0.70493745
0.70566751
0.70639833
0.70712991
0.70786224
0.70859534
0.70932919
0.71006380
0.71079918
0.71153531
0.71227221
0.71300987
0.71374830
0.71448749
0.71522744
0.71596816
0.71670965
0.71745191
0.71819493
0.71893873
0.71968329
0.72042863
0.72117474
0.72192162
0.72266927
0.72341770
0.72416691
0.72491689
0.72566764
0.72641918
0.72717149
0.72792458
0.72867845
0.72943310
0.73018854
0.73094475
0.73170175
0.73245953
0.73321810
0.73397746
0.73473760
0.73549852
0.73626024
0.73702274
0.73778604
0.73855012
0.73931500
0.74008066
0.74084712
0.74161438
0.74238243
0.74315127
0.74392091
0.74469135
0.74546259
0.74623462
0.74700746
0.74778109
0.74855553
0.74933076
0.75010680
0.75088365
0.75166130
0.75243975
0.75321901
0.75399908
0.75477995
0.75556164
0.75634413
0.75712743
0.75791155
0.75869648
0.75948222
0.76026877
0.76105614
0.76184432
0.76263332
0.76342314
0.76421378
0.76500523
0.76579750
0.76659060
0.76738451
0.76817925
0.76897481
0.76977120
0.77056841
0.77136644
0.77216530
0.77296499
0.77376551
0.77456685
0.77536903
0.77617204
0.77697588
0.77778055
0.77858605
0.77939239
0.78019956
0.78100757
0.78181642
0.78262610
0.78343663
0.78424799
0.78506019
0.78587323
0.78668712
0.78750185
0.78831742
0.78913384
0.78995110
0.79076921
0.79158816
0.79240797
0.79322862
0.79405013
0.79487248
0.79569568
0.79651974
0.79734465
0.79817042
0.79899704
0.79982452
0.80065285
0.80148204
0.80231209
0.80314301
0.80397478
0.80480741
0.80564090
0.80647526
0.80731048
0.80814657
0.80898352
0.80982134
0.81066003
0.81149959
0.81234001
0.81318131
0.81402347
0.81486651
0.81571042
0.81655521
0.81740087
0.81824741
0.81909482
0.81994311
0.82079228
0.82164233
0.82249326
0.82334507
0.82419777
0.82505134
0.82590580
0.82676115
0.82761738
0.82847450
0.82933250
0.83019140
0.83105118
0.83191185
0.83277342
0.83363588
0.83449923
0.83536347
0.83622861
0.83709465
0.83796158
0.83882941
0.83969814
0.84056777
0.84143830
0.84230973
0.84318206
0.84405530
0.84492944
0.84580449
0.84668044
0.84755730
0.84843507
0.84931375
0.85019333
0.85107383
0.85195524
0.85283757
0.85372080
0.85460495
0.85549002
0.85637600
0.85726291
0.85815073
0.85903947
0.85992912
0.86081971
0.86171121
0.86260364
0.86349699
0.86439126
0.86528647
0.86618259
0.86707965
0.86797764
0.86887656
0.86977640
0.87067718
0.87157889
0.87248154
0.87338512
0.87428964
0.87519509
0.87610148
0.87700881
0.87791708
0.87882629
0.87973644
0.88064754
0.88155958
0.88247256
0.88338649
0.88430136
0.88521718
0.88613396
0.88705168
0.88797035
0.88888997
0.88981054
0.89073207
0.89165455
0.89257799
0.89350238
0.89442773
0.89535404
0.89628131
0.89720954
0.89813873
0.89906888
0.90000000