0.32000000
0.32058058
0.32116116
0.32174174
0.32232232
0.32290290
0.32348348
0.32406406
0.32464464
0.32522523
0.32580581
0.32638639
0.32696697
0.32754755
0.32812813
0.32870871
0.32928929
0.32986987
0.33045045
0.33103103
0.33161161
0.33219219
0.33277277
0.33335335
0.33393393
0.33451451
0.33509510
0.33567568
0.33625626
0.33683684
0.33741742
0.33799800
0.33857858
0.33915916
0.33973974
0.34032032
0.34090090
0.34148148
0.34206206
0.34264264
0.34322322
0.34380380
0.34438438
0.34496496
0.34554555
0.34612613
0.34670671
0.34728729
0.34786787
0.34844845
0.34902903
0.34960961
0.35019019
0.35077077
0.35135135
0.35193193
0.35251251
0.35309309
0.35367367
0.35425425
0.35483483
0.35541542
0.35599600
0.35657658
0.35715716
0.35773774
0.35831832
0.35889890
0.35947948
0.36006006
0.36064064
0.36122122
0.36180180
0.36238238
0.36296296
0.36354354
0.36412412
0.36470470
0.36528529
0.36586587
0.36644645
0.36702703
0.36760761
0.36818819
0.36876877
0.36934935
0.36992993
0.37051051
0.37109109
0.37167167
0.37225225
0.37283283
0.37341341
0.37399399
0.37457457
0.37515516
0.37573574
0.37631632
0.37689690
0.37747748
0.37805806
0.37863864
0.37921922
0.37979980
0.38038038
0.38096096
0.38154154
0.38212212
0.38270270
0.38328328
0.38386386
0.38444444
0.38502503
0.38560561
0.38618619
0.38676677
0.38734735
0.38792793
0.38850851
0.38908909
0.38966967
0.39025025
0.39083083
0.39141141
0.39199199
0.39257257
0.39315315
0.39373373
0.39431431
0.39489489
0.39547548
0.39605606
0.39663664
0.39721722
0.39779780
0.39837838
0.39895896
0.39953954
0.40012012
0.40070070
0.40128128
0.40186186
0.40244244
0.40302302
0.40360360
0.40418418
0.40476476
0.40534535
0.40592593
0.40650651
0.40708709
0.40766767
0.40824825
0.40882883
0.40940941
0.40998999
0.41057057
0.41115115
0.41173173
0.41231231
0.41289289
0.41347347
0.41405405
0.41463463
0.41521522
0.41579580
0.41637638
0.41695696
0.41753754
0.41811812
0.41869870
0.41927928
0.41985986
0.42044044
0.42102102
0.42160160
0.42218218
0.42276276
0.42334334
0.42392392
0.42450450
0.42508509
0.42566567
0.42624625
0.42682683
0.42740741
0.42798799
0.42856857
0.42914915
0.42972973
0.43031031
0.43089089
0.43147147
0.43205205
0.43263263
0.43321321
0.43379379
0.43437437
0.43495495
0.43553554
0.43611612
0.43669670
0.43727728
0.43785786
0.43843844
0.43901902
0.43959960
0.44018018
0.44076076
0.44134134
0.44192192
0.44250250
0.44308308
0.44366366
0.44424424
0.44482482
0.44540541
0.44598599
0.44656657
0.44714715
0.44772773
0.44830831
0.44888889
0.44946947
0.45005005
0.45063063
0.45121121
0.45179179
0.45237237
0.45295295
0.45353353
0.45411411
0.45469469
0.45527528
0.45585586
0.45643644
0.45701702
0.45759760
0.45817818
0.45875876
0.45933934
0.45991992
0.46050050
0.46108108
0.46166166
0.46224224
0.46282282
0.46340340
0.46398398
0.46456456
0.46514515
0.46572573
0.46630631
0.46688689
0.46746747
0.46804805
0.46862863
0.46920921
0.46978979
0.47037037
0.47095095
0.47153153
0.47211211
0.47269269
0.47327327
0.47385385
0.47443443
0.47501502
0.47559560
0.47617618
0.47675676
0.47733734
0.47791792
0.47849850
0.47907908
0.47965966
0.48024024
0.48082082
0.48140140
0.48198198
0.48256256
0.48314314
0.48372372
0.48430430
0.48488488
0.48546547
0.48604605
0.48662663
0.48720721
0.48778779
0.48836837
0.48894895
0.48952953
0.49011011
0.49069069
0.49127127
0.49185185
0.49243243
0.49301301
0.49359359
0.49417417
0.49475475
0.49533534
0.49591592
0.49649650
0.49707708
0.49765766
0.49823824
0.49881882
0.49939940
0.49997998
0.50056056
0.50114114
0.50172172
0.50230230
0.50288288
0.50346346
0.50404404
0.50462462
0.50520521
0.50578579
0.50636637
0.50694695
0.50752753
0.50810811
0.50868869
0.50926927
0.50984985
0.51043043
0.51101101
0.51159159
0.51217217
0.51275275
0.51333333
0.51391391
0.51449449
0.51507508
0.51565566
0.51623624
0.51681682
0.51739740
0.51797798
0.51855856
0.51913914
0.51971972
0.52030030
0.52088088
0.52146146
0.52204204
0.52262262
0.52320320
0.52378378
0.52436436
0.52494494
0.52552553
0.52610611
0.52668669
0.52726727
0.52784785
0.52842843
0.52900901
0.52958959
0.53017017
0.53075075
0.53133133
0.53191191
0.53249249
0.53307307
0.53365365
0.53423423
0.53481481
0.53539540
0.53597598
0.53655656
0.53713714
0.53771772
0.53829830
0.53887888
0.53945946
0.54004004
0.54062062
0.54120120
0.54178178
0.54236236
0.54294294
0.54352352
0.54410410
0.54468468
0.54526527
0.54584585
0.54642643
0.54700701
0.54758759
0.54816817
0.54874875
0.54932933
0.54990991
0.55049049
0.55107107
0.55165165
0.55223223
0.55281281
0.55339339
0.55397397
0.55455455
0.55513514
0.55571572
0.55629630
0.55687688
0.55745746
0.55803804
0.55861862
0.55919920
0.55977978
0.56036036
0.56094094
0.56152152
0.56210210
0.56268268
0.56326326
0.56384384
0.56442442
0.56500501
0.56558559
0.56616617
0.56674675
0.56732733
0.56790791
0.56848849
0.56906907
0.56964965
0.57023023
0.57081081
0.57139139
0.57197197
0.57255255
0.57313313
0.57371371
0.57429429
0.57487487
0.57545546
0.57603604
0.57661662
0.57719720
0.57777778
0.57835836
0.57893894
0.57951952
0.58010010
0.58068068
0.58126126
0.58184184
0.58242242
0.58300300
0.58358358
0.58416416
0.58474474
0.58532533
0.58590591
0.58648649
0.58706707
0.58764765
0.58822823
0.58880881
0.58938939
0.58996997
0.59055055
0.59113113
0.59171171
0.59229229
0.59287287
0.59345345
0.59403403
0.59461461
0.59519520
0.59577578
0.59635636
0.59693694
0.59751752
0.59809810
0.59867868
0.59925926
0.59983984
0.60042042
0.60100100
0.60158158
0.60216216
0.60274274
0.60332332
0.60390390
0.60448448
0.60506507
0.60564565
0.60622623
0.60680681
0.60738739
0.60796797
0.60854855
0.60912913
0.60970971
0.61029029
0.61087087
0.61145145
0.61203203
0.61261261
0.61319319
0.61377377
0.61435435
0.61493493
0.61551552
0.61609610
0.61667668
0.61725726
0.61783784
0.61841842
0.61899900
0.61957958
0.62016016
0.62074074
0.62132132
0.62190190
0.62248248
0.62306306
0.62364364
0.62422422
0.62480480
0.62538539
0.62596597
0.62654655
0.62712713
0.62770771
0.62828829
0.62886887
0.62944945
0.63003003
0.63061061
0.63119119
0.63177177
0.63235235
0.63293293
0.63351351
0.63409409
0.63467467
0.63525526
0.63583584
0.63641642
0.63699700
0.63757758
0.63815816
0.63873874
0.63931932
0.63989990
0.64048048
0.64106106
0.64164164
0.64222222
0.64280280
0.64338338
0.64396396
0.64454454
0.64512513
0.64570571
0.64628629
0.64686687
0.64744745
0.64802803
0.64860861
0.64918919
0.64976977
0.65035035
0.65093093
0.65151151
0.65209209
0.65267267
0.65325325
0.65383383
0.65441441
0.65499499
0.65557558
0.65615616
0.65673674
0.65731732
0.65789790
0.65847848
0.65905906
0.65963964
0.66022022
0.66080080
0.66138138
0.66196196
0.66254254
0.66312312
0.66370370
0.66428428
0.66486486
0.66544545
0.66602603
0.66660661
0.66718719
0.66776777
0.66834835
0.66892893
0.66950951
0.67009009
0.67067067
0.67125125
0.67183183
0.67241241
0.67299299
0.67357357
0.67415415
0.67473473
0.67531532
0.67589590
0.67647648
0.67705706
0.67763764
0.67821822
0.67879880
0.67937938
0.67995996
0.68054054
0.68112112
0.68170170
0.68228228
0.68286286
0.68344344
0.68402402
0.68460460
0.68518519
0.68576577
0.68634635
0.68692693
0.68750751
0.68808809
0.68866867
0.68924925
0.68982983
0.69041041
0.69099099
0.69157157
0.69215215
0.69273273
0.69331331
0.69389389
0.69447447
0.69505506
0.69563564
0.69621622
0.69679680
0.69737738
0.69795796
0.69853854
0.69911912
0.69969970
0.70028028
0.70086086
0.70144144
0.70202202
0.70260260
0.70318318
0.70376376
0.70434434
0.70492492
0.70550551
0.70608609
0.70666667
0.70724725
0.70782783
0.70840841
0.70898899
0.70956957
0.71015015
0.71073073
0.71131131
0.71189189
0.71247247
0.71305305
0.71363363
0.71421421
0.71479479
0.71537538
0.71595596
0.71653654
0.71711712
0.71769770
0.71827828
0.71885886
0.71943944
0.72002002
0.72060060
0.72118118
0.72176176
0.72234234
0.72292292
0.72350350
0.72408408
0.72466466
0.72524525
0.72582583
0.72640641
0.72698699
0.72756757
0.72814815
0.72872873
0.72930931
0.72988989
0.73047047
0.73105105
0.73163163
0.73221221
0.73279279
0.73337337
0.73395395
0.73453453
0.73511512
0.73569570
0.73627628
0.73685686
0.73743744
0.73801802
0.73859860
0.73917918
0.73975976
0.74034034
0.74092092
0.74150150
0.74208208
0.74266266
0.74324324
0.74382382
0.74440440
0.74498498
0.74556557
0.74614615
0.74672673
0.74730731
0.74788789
0.74846847
0.74904905
0.74962963
0.75021021
0.75079079
0.75137137
0.75195195
0.75253253
0.75311311
0.75369369
0.75427427
0.75485485
0.75543544
0.75601602
0.75659660
0.75717718
0.75775776
0.75833834
0.75891892
0.75949950
0.76008008
0.76066066
0.76124124
0.76182182
0.76240240
0.76298298
0.76356356
0.76414414
0.76472472
0.76530531
0.76588589
0.76646647
0.76704705
0.76762763
0.76820821
0.76878879
0.76936937
0.76994995
0.77053053
0.77111111
0.77169169
0.77227227
0.77285285
0.77343343
0.77401401
0.77459459
0.77517518
0.77575576
0.77633634
0.77691692
0.77749750
0.77807808
0.77865866
0.77923924
0.77981982
0.78040040
0.78098098
0.78156156
0.78214214
0.78272272
0.78330330
0.78388388
0.78446446
0.78504505
0.78562563
0.78620621
0.78678679
0.78736737
0.78794795
0.78852853
0.78910911
0.78968969
0.79027027
0.79085085
0.79143143
0.79201201
0.79259259
0.79317317
0.79375375
0.79433433
0.79491491
0.79549550
0.79607608
0.79665666
0.79723724
0.79781782
0.79839840
0.79897898
0.79955956
0.80014014
0.80072072
0.80130130
0.80188188
0.80246246
0.80304304
0.80362362
0.80420420
0.80478478
0.80536537
0.80594595
0.80652653
0.80710711
0.80768769
0.80826827
0.80884885
0.80942943
0.81001001
0.81059059
0.81117117
0.81175175
0.81233233
0.81291291
0.81349349
0.81407407
0.81465465
0.81523524
0.81581582
0.81639640
0.81697698
0.81755756
0.81813814
0.81871872
0.81929930
0.81987988
0.82046046
0.82104104
0.82162162
0.82220220
0.82278278
0.82336336
0.82394394
0.82452452
0.82510511
0.82568569
0.82626627
0.82684685
0.82742743
0.82800801
0.82858859
0.82916917
0.82974975
0.83033033
0.83091091
0.83149149
0.83207207
0.83265265
0.83323323
0.83381381
0.83439439
0.83497497
0.83555556
0.83613614
0.83671672
0.83729730
0.83787788
0.83845846
0.83903904
0.83961962
0.84020020
0.84078078
0.84136136
0.84194194
0.84252252
0.84310310
0.84368368
0.84426426
0.84484484
0.84542543
0.84600601
0.84658659
0.84716717
0.84774775
0.84832833
0.84890891
0.84948949
0.85007007
0.85065065
0.85123123
0.85181181
0.85239239
0.85297297
0.85355355
0.85413413
0.85471471
0.85529530
0.85587588
0.85645646
0.85703704
0.85761762
0.85819820
0.85877878
0.85935936
0.85993994
0.86052052
0.86110110
0.86168168
0.86226226
0.86284284
0.86342342
0.86400400
0.86458458
0.86516517
0.86574575
0.86632633
0.86690691
0.86748749
0.86806807
0.86864865
0.86922923
0.86980981
0.87039039
0.87097097
0.87155155
0.87213213
0.87271271
0.87329329
0.87387387
0.87445445
0.87503504
0.87561562
0.87619620
0.87677678
0.87735736
0.87793794
0.87851852
0.87909910
0.87967968
0.88026026
0.88084084
0.88142142
0.88200200
0.88258258
0.88316316
0.88374374
0.88432432
0.88490490
0.88548549
0.88606607
0.88664665
0.88722723
0.88780781
0.88838839
0.88896897
0.88954955
0.89013013
0.89071071
0.89129129
0.89187187
0.89245245
0.89303303
0.89361361
0.89419419
0.89477477
0.89535536
0.89593594
0.89651652
0.89709710
0.89767768
0.89825826
0.89883884
0.89941942
0.90000000