30000000.00000000
1764838.82686600
1111088.41631682
847392.46306667
699072.42532486
602067.90818141
532829.03191221
480492.37662433
439293.65928743
405866.21416128
378100.69048947
354602.52766873
334409.68698434
316835.19942245
301374.28820565
287647.00769649
275361.42867234
264289.22546444
254249.02514808
245094.76930381
236707.40246250
228988.82214925
221857.39965134
215244.61272408
209092.47909565
203351.57572640
197979.49262041
192939.61320134
188200.14301795
183733.32935254
179514.82906620
175523.19262584
171739.43997942
168146.70962857
164729.96647458
161475.75718889
158372.00426606
155407.83175786
152573.41710586
149859.86459233
147259.09679133
144763.76108134
142367.14881943
140063.12520634
137846.06821661
135710.81524604
133652.61635392
131667.09316154
129750.20261865
127898.20497332
126107.63538325
124375.27869059
122698.14695394
121073.45938925
119498.62442164
117971.22359147
116488.99709320
115049.83075572
113651.74429786
112292.88071474
110971.49666890
109685.95377621
108434.71069001
107216.31589888
106029.40116355
104872.67552713
103744.91984079
102644.98175328
101571.77111895
100524.25578351
99501.45771173
98502.44942464
97526.35071775
96572.32563442
95639.57967147
94727.35719619
93834.93905636
92961.64036639
92106.80845453
91269.82095767
90450.08405114
89647.03080268
88860.11964022
88088.83292450
87332.67561806
86591.17404312
85863.87472138
85150.34328953
84450.16348465
83762.93619429
83088.27856648
82425.82317516
81775.21723709
81136.12187659
80508.21143458
79891.17281889
79284.70489303
78688.51790058
78102.33292301
77525.88136853
76958.90448989
76401.15292931
75852.38628870
75312.37272355
74780.88855892
74257.71792627
73742.65241959
73235.49076991
72736.03853672
72244.10781565
71759.51696100
71282.09032264
70811.65799612
70348.05558531
69891.12397696
69440.70912620
68996.66185270
68558.83764661
68127.09648381
67701.30265004
67281.32457326
66867.03466395
66458.30916271
66055.02799501
65657.07463252
65264.33596072
64876.70215248
64494.06654730
64116.32553586
63743.37844969
63375.12745561
63011.47745478
62652.33598600
62297.61313326
61947.22143707
61601.07580964
61259.09345344
60921.19378330
60587.29835160
60257.33077649
59931.21667314
59608.88358762
59290.26093350
58975.27993093
58663.87354813
58355.97644514
58051.52491981
57750.45685583
57452.71167271
57158.23027778
56866.95501988
56578.82964487
56293.79925275
56011.81025641
55732.81034183
55456.74842984
55183.57463916
54913.24025085
54645.69767399
54380.90041261
54118.80303379
53859.36113684
53602.53132364
53348.27116992
53096.53919760
52847.29484803
52600.49845622
52356.11122581
52114.09520505
51874.41326344
51637.02906923
51401.90706767
51169.01245991
50938.31118264
50709.76988843
50483.35592658
50259.03732476
50036.78277106
49816.56159677
49598.34375956
49382.09982733
49167.80096244
48955.41890652
48744.92596570
48536.29499633
48329.49939110
48124.51306560
47921.31044530
47719.86645291
47520.15649611
47322.15645568
47125.84267392
46931.19194346
46738.18149641
46546.78899379
46356.99251525
46168.77054918
45982.10198298
45796.96609372
45613.34253898
45431.21134800
45250.55291307
45071.34798115
44893.57764571
44717.22333886
44542.26682363
44368.69018646
44196.47582997
44025.60646584
43856.06510796
43687.83506566
43520.89993728
43355.24360373
43190.85022235
43027.70422091
42865.79029172
42705.09338594
42545.59870801
42387.29171027
42230.15808764
42074.18377253
41919.35492980
41765.65795192
41613.07945415
41461.60627001
41311.22544664
41161.92424052
41013.69011307
40866.51072654
40720.37393987
40575.26780476
40431.18056173
40288.10063637
40146.01663563
40004.91734421
39864.79172101
39725.62889575
39587.41816556
39450.14899175
39313.81099657
39178.39396010
39043.88781722
38910.28265461
38777.56870785
38645.73635859
38514.77613174
38384.67869280
38255.43484516
38127.03552758
37999.47181159
37872.73489907
37746.81611978
37621.70692906
37497.39890547
37373.88374854
37251.15327659
37129.19942452
37008.01424177
36887.58989017
36767.91864199
36648.99287790
36530.80508511
36413.34785542
36296.61388337
36180.59596447
36065.28699338
35950.67996222
35836.76795883
35723.54416513
35611.00185548
35499.13439511
35387.93523853
35277.39792801
35167.51609210
35058.28344416
34949.69378090
34841.74098101
34734.41900375
34627.72188763
34521.64374907
34416.17878110
34311.32125211
34207.06550461
34103.40595399
34000.33708731
33897.85346220
33795.94970562
33694.62051283
33593.86064620
33493.66493418
33394.02827023
33294.94561179
33196.41197924
33098.42245489
33000.97218205
32904.05636403
32807.67026318
32711.80920003
32616.46855232
32521.64375411
32427.33029498
32333.52371906
32240.21962429
32147.41366155
32055.10153383
31963.27899548
31871.94185140
31781.08595628
31690.70721385
31600.80157614
31511.36504276
31422.39366019
31333.88352105
31245.83076348
31158.23157039
31071.08216886
30984.37882945
30898.11786558
30812.29563291
30726.90852869
30641.95299122
30557.42549916
30473.32257106
30389.64076468
30306.37667650
30223.52694114
30141.08823080
30059.05725477
29977.43075884
29896.20552486
29815.37837015
29734.94614708
29654.90574253
29575.25407741
29495.98810621
29417.10481652
29338.60122856
29260.47439477
29182.72139931
29105.33935767
29028.32541623
28951.67675182
28875.39057132
28799.46411128
28723.89463746
28648.67944450
28573.81585546
28499.30122152
28425.13292154
28351.30836173
28277.82497526
28204.68022192
28131.87158777
28059.39658477
27987.25275048
27915.43764769
27843.94886410
27772.78401201
27701.94072797
27631.41667250
27561.20952976
27491.31700726
27421.73683554
27352.46676789
27283.50458005
27214.84806995
27146.49505738
27078.44338376
27010.69091185
26943.23552546
26876.07512923
26809.20764832
26742.63102819
26676.34323434
26610.34225205
26544.62608613
26479.19276071
26414.04031896
26349.16682288
26284.57035309
26220.24900855
26156.20090636
26092.42418159
26028.91698695
25965.67749270
25902.70388635
25839.99437248
25777.54717256
25715.36052470
25653.43268350
25591.76191982
25530.34652059
25469.18478863
25408.27504247
25347.61561615
25287.20485902
25227.04113562
25167.12282542
25107.44832272
25048.01603644
24988.82438995
24929.87182092
24871.15678113
24812.67773633
24754.43316608
24696.42156356
24638.64143546
24581.09130179
24523.76969574
24466.67516353
24409.80626427
24353.16156980
24296.73966457
24240.53914547
24184.55862169
24128.79671462
24073.25205768
24017.92329618
23962.80908723
23907.90809956
23853.21901343
23798.74052046
23744.47132356
23690.41013677
23636.55568513
23582.90670460
23529.46194188
23476.22015437
23423.18010999
23370.34058710
23317.70037435
23265.25827064
23213.01308492
23160.96363617
23109.10875321
23057.44727467
23005.97804882
22954.69993353
22903.61179611
22852.71251325
22802.00097090
22751.47606420
22701.13669733
22650.98178347
22601.01024470
22551.22101185
22501.61302449
22452.18523078
22402.93658742
22353.86605950
22304.97262051
22256.25525217
22207.71294437
22159.34469511
22111.14951039
22063.12640413
22015.27439811
21967.59252186
21920.07981262
21872.73531522
21825.55808202
21778.54717286
21731.70165495
21685.02060280
21638.50309817
21592.14822997
21545.95509422
21499.92279393
21454.05043909
21408.33714657
21362.78204004
21317.38424992
21272.14291333
21227.05717399
21182.12618217
21137.34909462
21092.72507454
21048.25329147
21003.93292124
20959.76314596
20915.74315386
20871.87213935
20828.14930284
20784.57385078
20741.14499556
20697.86195545
20654.72395454
20611.73022271
20568.87999556
20526.17251435
20483.60702594
20441.18278279
20398.89904282
20356.75506943
20314.75013141
20272.88350293
20231.15446342
20189.56229761
20148.10629540
20106.78575186
20065.59996716
20024.54824655
19983.62990027
19942.84424354
19902.19059651
19861.66828419
19821.27663643
19781.01498788
19740.88267790
19700.87905059
19661.00345469
19621.25524355
19581.63377511
19542.13841183
19502.76852066
19463.52347302
19424.40264473
19385.40541596
19346.53117126
19307.77929943
19269.14919354
19230.64025089
19192.25187296
19153.98346534
19115.83443776
19077.80420402
19039.89218194
19002.09779333
18964.42046400
18926.85962364
18889.41470589
18852.08514819
18814.87039186
18777.76988199
18740.78306742
18703.90940074
18667.14833821
18630.49933980
18593.96186905
18557.53539315
18521.21938284
18485.01331240
18448.91665962
18412.92890578
18377.04953558
18341.27803718
18305.61390211
18270.05662525
18234.60570483
18199.26064240
18164.02094276
18128.88611396
18093.85566731
18058.92911727
18024.10598150
17989.38578078
17954.76803904
17920.25228326
17885.83804351
17851.52485290
17817.31224755
17783.19976656
17749.18695200
17715.27334889
17681.45850516
17647.74197163
17614.12330198
17580.60205276
17547.17778332
17513.85005581
17480.61843517
17447.48248908
17414.44178796
17381.49590494
17348.64441583
17315.88689910
17283.22293588
17250.65210991
17218.17400755
17185.78821772
17153.49433191
17121.29194415
17089.18065099
17057.16005148
17025.22974714
16993.38934197
16961.63844239
16929.97665725
16898.40359781
16866.91887771
16835.52211294
16804.21292186
16772.99092514
16741.85574577
16710.80700902
16679.84434244
16648.96737584
16618.17574128
16587.46907300
16556.84700749
16526.30918341
16495.85524158
16465.48482498
16435.19757873
16404.99315008
16374.87118836
16344.83134501
16314.87327353
16284.99662949
16255.20107048
16225.48625613
16195.85184807
16166.29750995
16136.82290736
16107.42770789
16078.11158107
16048.87419834
16019.71523310
15990.63436064
15961.63125812
15932.70560462
15903.85708105
15875.08537019
15846.39015664
15817.77112684
15789.22796902
15760.76037322
15732.36803126
15704.05063673
15675.80788497
15647.63947306
15619.54509983
15591.52446582
15563.57727325
15535.70322608
15507.90202990
15480.17339201
15452.51702134
15424.93262848
15397.41992564
15369.97862665
15342.60844697
15315.30910363
15288.08031525
15260.92180205
15233.83328578
15206.81448976
15179.86513885
15152.98495943
15126.17367941
15099.43102819
15072.75673669
15046.15053730
15019.61216390
14993.14135182
14966.73783785
14940.40136023
14914.13165864
14887.92847416
14861.79154930
14835.72062800
14809.71545554
14783.77577863
14757.90134534
14732.09190510
14706.34720871
14680.66700831
14655.05105736
14629.49911069
14604.01092440
14578.58625593
14553.22486402
14527.92650870
14502.69095126
14477.51795430
14452.40728167
14427.35869847
14402.37197105
14377.44686700
14352.58315516
14327.78060556
14303.03898948
14278.35807937
14253.73764891
14229.17747294
14204.67732752
14180.23698984
14155.85623830
14131.53485241
14107.27261288
14083.06930153
14058.92470132
14034.83859634
14010.81077182
13986.84101406
13962.92911051
13939.07484968
13915.27802120
13891.53841576
13867.85582514
13844.23004219
13820.66086082
13797.14807598
13773.69148368
13750.29088098
13726.94606596
13703.65683773
13680.42299643
13657.24434321
13634.12068021
13611.05181059
13588.03753851
13565.07766909
13542.17200846
13519.32036371
13496.52254291
13473.77835507
13451.08761019
13428.45011918
13405.86569393
13383.33414725
13360.85529288
13338.42894550
13316.05492070
13293.73303497
13271.46310574
13249.24495132
13227.07839092
13204.96324465
13182.89933350
13160.88647933
13138.92450488
13117.01323378
13095.15249049
13073.34210035
13051.58188954
13029.87168509
13008.21131488
12986.60060763
12965.03939286
12943.52750095
12922.06476308
12900.65101127
12879.28607832
12857.96979786
12836.70200430
12815.48253286
12794.31121956
12773.18790117
12752.11241529
12731.08460025
12710.10429517
12689.17133996
12668.28557525
12647.44684246
12626.65498374
12605.90984200
12585.21126090
12564.55908482
12543.95315889
12523.39332896
12502.87944161
12482.41134415
12461.98888459
12441.61191166
12421.28027480
12400.99382416
12380.75241057
12360.55588557
12340.40410139
12320.29691094
12300.23416783
12280.21572633
12260.24144139
12240.31116863
12220.42476434
12200.58208548
12180.78298966
12161.02733513
12141.31498082
12121.64578629
12102.01961175
12082.43631804
12062.89576665
12043.39781969
12023.94233990
12004.52919065
11985.15823592
11965.82934032
11946.54236908
11927.29718801
11908.09366356
11888.93166276
11869.81105325
11850.73170326
11831.69348162
11812.69625775
11793.73990164
11774.82428387
11755.94927561
11737.11474860
11718.32057514
11699.56662812
11680.85278097
11662.17890770
11643.54488289
11624.95058164
11606.39587963
11587.88065309
11569.40477879
11550.96813403
11532.57059668
11514.21204513
11495.89235829
11477.61141562
11459.36909712
11441.16528328
11422.99985513
11404.87269424
11386.78368266
11368.73270298
11350.71963828
11332.74437216
11314.80678873
11296.90677258
11279.04420883
11261.21898307
11243.43098140
11225.68009039
11207.96619712
11190.28918916
11172.64895453
11155.04538175
11137.47835983
11119.94777824
11102.45352692
11084.99549627
11067.57357719
11050.18766102
11032.83763956
11015.52340507
10998.24485028
10981.00186836
10963.79435295
10946.62219811
10929.48529836
10912.38354869
10895.31684449
10878.28508161
10861.28815634
10844.32596540
10827.39840594
10810.50537554
10793.64677221
10776.82249440
10760.03244094
10743.27651114
10726.55460467
10709.86662167
10693.21246264
10676.59202854
10660.00522071
10643.45194091
10626.93209130
10610.44557444
10593.99229330
10577.57215124
10561.18505203
10544.83089981
10528.50959914
10512.22105495
10495.96517257
10479.74185772
10463.55101648
10447.39255534
10431.26638115
10415.17240115
10399.11052296
10383.08065456
10367.08270431
10351.11658093
10335.18219353
10319.27945158
10303.40826489
10287.56854366
10271.76019844
10255.98314014
10240.23728002
10224.52252972
10208.83880120
10193.18600680
10177.56405918
10161.97287137
10146.41235674
10130.88242901
10115.38300223
10099.91399079
10084.47530945
10069.06687325
10053.68859763
10038.34039831
10023.02219137
10007.73389322
9992.47542058
9977.24669053
9962.04762043
9946.87812801
9931.73813129
9916.62754862
9901.54629867
9886.49430043
9871.47147320
9856.47773660
9841.51301055
9826.57721529
9811.67027137
9796.79209965
9781.94262129
9767.12175774
9752.32943079
9737.56556250
9722.83007525
9708.12289169
9693.44393480
9678.79312783
9664.17039435
9649.57565820
9635.00884352
9620.46987473
9605.95867656
9591.47517400
9577.01929234
9562.59095716
9548.19009432
9533.81662994
9519.47049044
9505.15160252
9490.85989315
9476.59528958
9462.35771932
9448.14711017
9433.96339019
9419.80648773
9405.67633138
9391.57285002
9377.49597279
9363.44562908
9349.42174858
9335.42426120
9321.45309714
9307.50818684
9293.58946103
9279.69685066
9265.83028697
9251.98970141
9238.17502574
9224.38619193
9210.62313222
9196.88577909
9183.17406527
9169.48792376
9155.82728778
9142.19209079
9128.58226653
9114.99774895
9101.43847224
9087.90437087
9074.39537950
9060.91143306
9047.45246671
9034.01841583
9020.60921607
9007.22480328
8993.86511356
8980.53008324
8967.21964887
8953.93374724
8940.67231536
8927.43529049
8914.22261008
8901.03421184
8887.87003368
8874.73001374
8861.61409039
8848.52220221
8835.45428800
8822.41028680
8809.39013783
8796.39378056
8783.42115466
8770.47220002
8757.54685674
8744.64506515
8731.76676576
8718.91189931
8706.08040675
8693.27222925
8680.48730816
8667.72558505
8654.98700171