30000000.00000000
843928.88781752
531284.39956563
405173.15826776
334238.02247204
287843.71893280
254728.03234749
229695.73474988
209990.14703660
194001.20286699
180720.12467383
169479.97234430
159820.65372773
151413.62580211
144017.47743810
137450.49722355
131573.06724905
126275.98789726
121472.51472732
117092.79256028
113079.88051529
109386.85863470
105974.68569561
102810.58879862
99866.83593496
97119.78868858
94549.16276206
92137.44468171
89869.42726661
87731.83639741
85713.02867997
83802.74467355
81991.90604608
80272.44773659
78637.17822663
77079.66254085
75594.12374791
74175.35961332
72818.67173438
71519.80501433
70274.89574548
69080.42689590
67933.18945158
66830.24887193
65768.91588077
64746.72094837
63761.39192760
62810.83439536
61893.11432224
61006.44275267
60149.16222655
59319.73471415
58516.73086950
57738.82043613
56984.76366235
56253.40360334
55543.65920432
54854.51907305
54185.03586233
53534.32119331
52901.54105942
52285.91165828
51686.69560534
51103.19848896
50534.76573106
49980.77972215
49440.65720271
48913.84686663
48399.82716467
47898.10428867
47408.21031930
46929.70152182
46462.15677632
46005.17612996
45558.37946025
45121.40523954
44693.90939178
44275.56423352
43866.05749197
43465.09139363
43072.38181752
42687.65750782
42310.65934087
41941.13964244
41578.86155098
41223.59842344
40875.13328031
40533.25828680
40197.77426751
39868.49025203
39545.22304915
39227.79684769
38916.04284184
38609.79887944
38308.90913147
38013.22378121
37722.59873186
37436.89533120
37155.98011218
36879.72454842
36608.00482351
36340.70161334
36077.69988048
35818.88867987
35564.16097518
35313.41346502
35066.54641843
34823.46351920
34584.07171822
34348.28109363
34116.00471811
33887.15853296
33661.66122859
33439.43413097
33220.40109371
33004.48839554
32791.62464272
32581.74067621
32374.76948330
32170.64611344
31969.30759810
31770.69287426
31574.74271161
31381.39964299
31190.60789806
31002.31333996
30816.46340486
30633.00704411
30451.89466910
30273.07809838
30096.51050722
29922.14637929
29749.94146038
29579.85271421
29411.83827995
29245.85743167
29081.87053940
28919.83903180
28759.72536039
28601.49296524
28445.10624204
28290.53051046
28137.73198385
27986.67774004
27837.33569340
27689.67456790
27543.66387126
27399.27387009
27256.47556598
27115.24067249
26975.54159303
26837.35139954
26700.64381202
26565.39317873
26431.57445720
26299.16319591
26168.13551660
26038.46809727
25910.13815575
25783.12343390
25657.40218229
25532.95314553
25409.75554802
25287.78908021
25167.03388541
25047.47054693
24929.08007579
24811.84389873
24695.74384668
24580.76214366
24466.88139594
24354.08458166
24242.35504075
24131.67646518
24022.03288949
23913.40868176
23805.78853467
23699.15745704
23593.50076549
23488.80407647
23385.05329849
23282.23462458
23180.33452500
23079.33974023
22979.23727408
22880.01438706
22781.65858998
22684.15763770
22587.49952304
22491.67247098
22396.66493294
22302.46558122
22209.06330371
22116.44719861
22024.60656946
21933.53092016
21843.20995025
21753.63355027
21664.79179728
21576.67495045
21489.27344689
21402.57789747
21316.57908282
21231.26794945
21146.63560598
21062.67331939
20979.37251152
20896.72475553
20814.72177252
20733.35542826
20652.61772996
20572.50082315
20492.99698863
20414.09863954
20335.79831847
20258.08869462
20180.96256113
20104.41283239
20028.43254143
19953.01483744
19878.15298326
19803.84035306
19730.07042991
19656.83680359
19584.13316831
19511.95332060
19440.29115716
19369.14067283
19298.49595858
19228.35119955
19158.70067314
19089.53874717
19020.85987806
18952.65860902
18884.92956840
18817.66746792
18750.86710109
18684.52334157
18618.63114160
18553.18553051
18488.18161315
18423.61456851
18359.47964825
18295.77217531
18232.48754257
18169.62121149
18107.16871086
18045.12563546
17983.48764491
17922.25046238
17861.40987344
17800.96172491
17740.90192373
17681.22643582
17621.93128504
17563.01255210
17504.46637356
17446.28894079
17388.47649900
17331.02534625
17273.93183253
17217.19235883
17160.80337620
17104.76138491
17049.06293358
16993.70461827
16938.68308173
16883.99501254
16829.63714432
16775.60625497
16721.89916588
16668.51274120
16615.44388710
16562.68955106
16510.24672118
16458.11242546
16406.28373117
16354.75774413
16303.53160815
16252.60250430
16201.96765039
16151.62430027
16101.56974330
16051.80130373
16002.31634015
15953.11224492
15904.18644362
15855.53639451
15807.15958802
15759.05354620
15711.21582224
15663.64399996
15616.33569332
15569.28854596
15522.50023070
15475.96844912
15429.69093106
15383.66543422
15337.88974368
15292.36167155
15247.07905646
15202.03976320
15157.24168233
15112.68272974
15068.36084631
15024.27399748
14980.42017293
14936.79738616
14893.40367418
14850.23709710
14807.29573786
14764.57770179
14722.08111639
14679.80413088
14637.74491599
14595.90166356
14554.27258628
14512.85591735
14471.64991021
14430.65283821
14389.86299437
14349.27869105
14308.89825968
14268.72005050
14228.74243229
14188.96379208
14149.38253493
14109.99708362
14070.80587847
14031.80737702
13993.00005382
13954.38240021
13915.95292405
13877.71014951
13839.65261683
13801.77888212
13764.08751712
13726.57710897
13689.24626004
13652.09358769
13615.11772409
13578.31731596
13541.69102447
13505.23752495
13468.95550674
13432.84367301
13396.90074057
13361.12543966
13325.51651379
13290.07271959
13254.79282658
13219.67561706
13184.71988587
13149.92444029
13115.28809987
13080.80969621
13046.48807287
13012.32208519
12978.31060011
12944.45249608
12910.74666286
12877.19200138
12843.78742363
12810.53185248
12777.42422155
12744.46347512
12711.64856790
12678.97846499
12646.45214171
12614.06858346
12581.82678561
12549.72575337
12517.76450168
12485.94205507
12454.25744755
12422.70972248
12391.29793249
12360.02113931
12328.87841372
12297.86883538
12266.99149278
12236.24548308
12205.62991203
12175.14389388
12144.78655123
12114.55701498
12084.45442421
12054.47792607
12024.62667571
11994.89983614
11965.29657821
11935.81608042
11906.45752893
11877.22011739
11848.10304689
11819.10552587
11790.22677003
11761.46600223
11732.82245244
11704.29535763
11675.88396169
11647.58751536
11619.40527616
11591.33650827
11563.38048252
11535.53647624
11507.80377325
11480.18166375
11452.66944424
11425.26641748
11397.97189240
11370.78518403
11343.70561345
11316.73250767
11289.86519964
11263.10302812
11236.44533765
11209.89147846
11183.44080644
11157.09268304
11130.84647524
11104.70155548
11078.65730156
11052.71309667
11026.86832924
11001.12239294
10975.47468659
10949.92461413
10924.47158454
10899.11501180
10873.85431485
10848.68891750
10823.61824840
10798.64174100
10773.75883347
10748.96896867
10724.27159410
10699.66616183
10675.15212848
10650.72895516
10626.39610741
10602.15305517
10577.99927273
10553.93423868
10529.95743586
10506.06835135
10482.26647636
10458.55130627
10434.92234050
10411.37908254
10387.92103988
10364.54772396
10341.25865012
10318.05333761
10294.93130951
10271.89209267
10248.93521775
10226.06021908
10203.26663472
10180.55400634
10157.92187925
10135.36980230
10112.89732792
10090.50401202
10068.18941396
10045.95309656
10023.79462604
10001.71357197
9979.70950724
9957.78200808
9935.93065395
9914.15502756
9892.45471481
9870.82930478
9849.27838970
9827.80156488
9806.39842874
9785.06858272
9763.81163131
9742.62718197
9721.51484511
9700.47423411
9679.50496522
9658.60665757
9637.77893316
9617.02141680
9596.33373608
9575.71552138
9555.16640582
9534.68602521
9514.27401808
9493.93002562
9473.65369164
9453.44466259
9433.30258748
9413.22711792
9393.21790803
9373.27461448
9353.39689641
9333.58441544
9313.83683563
9294.15382349
9274.53504790
9254.98018016
9235.48889388
9216.06086506
9196.69577198
9177.39329523
9158.15311767
9138.97492442
9119.85840282
9100.80324244
9081.80913502
9062.87577450
9044.00285695
9025.19008059
9006.43714574
8987.74375483
8969.10961235
8950.53442487
8932.01790099
8913.55975133
8895.15968850
8876.81742713
8858.53268379
8840.30517701
8822.13462725
8804.02075691
8785.96329025
8767.96195346
8750.01647455
8732.12658341
8714.29201176
8696.51249313
8678.78776287
8661.11755810
8643.50161772
8625.93968239
8608.43149450
8590.97679817
8573.57533923
8556.22686523
8538.93112537
8521.68787053
8504.49685325
8487.35782770
8470.27054969
8453.23477662
8436.25026752
8419.31678297
8402.43408514
8385.60193777
8368.82010611
8352.08835698
8335.40645869
8318.77418109
8302.19129548
8285.65757469
8269.17279298
8252.73672609
8236.34915119
8220.00984690
8203.71859325
8187.47517169
8171.27936505
8155.13095756
8139.02973483
8122.97548382
8106.96799286
8091.00705161
8075.09245105
8059.22398352
8043.40144262
8027.62462328
8011.89332171
7996.20733541
7980.56646313
7964.97050488
7949.41926193
7933.91253678
7918.45013315
7903.03185600
7887.65751147
7872.32690692
7857.03985089
7841.79615311
7826.59562446
7811.43807700
7796.32332394
7781.25117962
7766.22145952
7751.23398026
7736.28855955
7721.38501624
7706.52317024
7691.70284258
7676.92385537
7662.18603177
7647.48919604
7632.83317346
7618.21779039
7603.64287422
7589.10825336
7574.61375726
7560.15921639
7545.74446221
7531.36932720
7517.03364482
7502.73724953
7488.47997676
7474.26166292
7460.08214537
7445.94126243
7431.83885337
7417.77475842
7403.74881873
7389.76087637
7375.81077434
7361.89835655
7348.02346784
7334.18595391
7320.38566139
7306.62243778
7292.89613147
7279.20659171
7265.55366863
7251.93721321
7238.35707731
7224.81311360
7211.30517563
7197.83311775
7184.39679518
7170.99606394
7157.63078085
7144.30080359
7131.00599061
7117.74620116
7104.52129531
7091.33113389
7078.17557853
7065.05449163
7051.96773636
7038.91517667
7025.89667726
7012.91210357
6999.96132183
6987.04419897
6974.16060269
6961.31040140
6948.49346426
6935.70966114
6922.95886264
6910.24094005
6897.55576540
6884.90321139
6872.28315145
6859.69545967
6847.14001085
6834.61668048
6822.12534470
6809.66588035
6797.23816493
6784.84207660
6772.47749419
6760.14429718
6747.84236568
6735.57158049
6723.33182302
6711.12297532
6698.94492008
6686.79754061
6674.68072086
6662.59434538
6650.53829935
6638.51246855
6626.51673938
6614.55099883
6602.61513450
6590.70903458
6578.83258785
6566.98568367
6555.16821199
6543.38006334
6531.62112883
6519.89130012
6508.19046947
6496.51852966
6484.87537408
6473.26089662
6461.67499177
6450.11755455
6438.58848051
6427.08766577
6415.61500697
6404.17040127
6392.75374639
6381.36494056
6370.00388253
6358.67047158
6347.36460750
6336.08619060
6324.83512169
6313.61130209
6302.41463361
6291.24501860
6280.10235985
6268.98656069
6257.89752491
6246.83515681
6235.79936115
6224.79004318
6213.80710863
6202.85046371
6191.92001508
6181.01566989
6170.13733575
6159.28492072
6148.45833332
6137.65748254
6126.88227782
6116.13262904
6105.40844653
6094.70964107
6084.03612387
6073.38780660
6062.76460135
6052.16642064
6041.59317743
6031.04478509
6020.52115745
6010.02220873
5999.54785358
5989.09800707
5978.67258467
5968.27150229
5957.89467623
5947.54202318
5937.21346027
5926.90890501
5916.62827531
5906.37148947
5896.13846622
5885.92912462
5875.74338418
5865.58116476
5855.44238661
5845.32697037
5835.23483706
5825.16590806
5815.12010516
5805.09735047
5795.09756652
5785.12067619
5775.16660271
5765.23526970
5755.32660112
5745.44052130
5735.57695492
5725.73582702
5715.91706300
5706.12058859
5696.34632989
5686.59421332
5676.86416568
5667.15611408
5657.46998598
5647.80570918
5638.16321182
5628.54242237
5618.94326962
5609.36568271
5599.80959109
5590.27492455
5580.76161320
5571.26958747
5561.79877810
5552.34911616
5542.92053304
5533.51296043
5524.12633035
5514.76057512
5505.41562736
5496.09142002
5486.78788634
5477.50495986
5468.24257442
5459.00066419
5449.77916359
5440.57800738
5431.39713059
5422.23646854
5413.09595687
5403.97553146
5394.87512853
5385.79468456
5376.73413631
5367.69342084
5358.67247547
5349.67123782
5340.68964577
5331.72763749
5322.78515143
5313.86212628
5304.95850104
5296.07421496
5287.20920757
5278.36341865
5269.53678826
5260.72925671
5251.94076459
5243.17125275
5234.42066227
5225.68893452
5216.97601113
5208.28183394
5199.60634510
5190.94948698
5182.31120220
5173.69143364
5165.09012442
5156.50721792
5147.94265775
5139.39638777
5130.86835208
5122.35849502
5113.86676118
5105.39309538
5096.93744266
5088.49974834
5080.07995792
5071.67801718
5063.29387210
5054.92746892
5046.57875407
5038.24767424
5029.93417634
5021.63820749
5013.35971505
5005.09864661
4996.85494995
4988.62857311
4980.41946432
4972.22757204
4964.05284494
4955.89523192
4947.75468208
4939.63114474
4931.52456942
4923.43490588
4915.36210405
4907.30611411
4899.26688642
4891.24437155
4883.23852029
4875.24928361
4867.27661271
4859.32045897
4851.38077398
4843.45750953
4835.55061762
4827.66005042
4819.78576033
4811.92769991
4804.08582195
4796.26007941
4788.45042544
4780.65681341
4772.87919684
4765.11752948
4757.37176524
4749.64185823
4741.92776274
4734.22943325
4726.54682442
4718.87989110
4711.22858832
4703.59287129
4695.97269540
4688.36801622
4680.77878950
4673.20497118
4665.64651734
4658.10338429
4650.57552846
4643.06290650
4635.56547520
4628.08319154
4620.61601266
4613.16389589
4605.72679870
4598.30467877
4590.89749390
4583.50520209
4576.12776151
4568.76513046
4561.41726743
4554.08413108
4546.76568023
4539.46187383
4532.17267104
4524.89803114
4517.63791360
4510.39227803
4503.16108419
4495.94429203
4488.74186162
4481.55375320
4474.37992718
4467.22034410
4460.07496467
4452.94374973
4445.82666031
4438.72365754
4431.63470275
4424.55975739
4417.49878306
4410.45174152
4403.41859466
4396.39930454
4389.39383335
4382.40214342
4375.42419723
4368.45995741
4361.50938672
4354.57244808
4347.64910453
4340.73931926
4333.84305561
4326.96027705
4320.09094718
4313.23502975
4306.39248864
4299.56328787
4292.74739161
4285.94476413
4279.15536986
4272.37917336
4265.61613933
4258.86623259
4252.12941809
4245.40566092
4238.69492630
4231.99717957
4225.31238622
4218.64051185
4211.98152219
4205.33538310
4198.70206057
4192.08152071
4185.47372977
4178.87865411
4172.29626021
4165.72651469
4159.16938428
4152.62483584
4146.09283635
4139.57335292
4133.06635276
4126.57180321
4120.08967174
4113.61992593
4107.16253347
4100.71746219
4094.28468002
4087.86415500
4081.45585531
4075.05974923
4068.67580516
4062.30399161
4055.94427720
4049.59663068
4043.26102091
4036.93741683
4030.62578754
4024.32610222
4018.03833017
4011.76244081
4005.49840364
3999.24618830
3993.00576453
3986.77710218
3980.56017119
3974.35494163
3968.16138366
3961.97946756
3955.80916371
3949.65044260
3943.50327481
3937.36763103
3931.24348207
3925.13079883
3919.02955231
3912.93971361
3906.86125395
3900.79414463
3894.73835706
3888.69386276
3882.66063333
3876.63864049
3870.62785605