0.00000000
0.00000100
0.00000401
0.00000902
0.00001603
0.00002505
0.00003607
0.00004910
0.00006413
0.00008116
0.00010020
0.00012124
0.00014429
0.00016934
0.00019639
0.00022545
0.00025651
0.00028958
0.00032465
0.00036172
0.00040080
0.00044188
0.00048497
0.00053006
0.00057715
0.00062625
0.00067735
0.00073046
0.00078557
0.00084268
0.00090180
0.00096292
0.00102605
0.00109118
0.00115832
0.00122745
0.00129860
0.00137174
0.00144689
0.00152405
0.00160320
0.00168437
0.00176753
0.00185270
0.00193988
0.00202906
0.00212024
0.00221342
0.00230861
0.00240581
0.00250501
0.00260621
0.00270942
0.00281463
0.00292184
0.00303106
0.00314228
0.00325551
0.00337074
0.00348797
0.00360721
0.00372845
0.00385170
0.00397695
0.00410420
0.00423346
0.00436473
0.00449799
0.00463326
0.00477054
0.00490981
0.00505110
0.00519438
0.00533967
0.00548697
0.00563627
0.00578757
0.00594088
0.00609619
0.00625350
0.00641282
0.00657414
0.00673747
0.00690280
0.00707013
0.00723947
0.00741081
0.00758416
0.00775951
0.00793687
0.00811622
0.00829759
0.00848095
0.00866632
0.00885370
0.00904308
0.00923446
0.00942785
0.00962324
0.00982063
0.01002003
0.01022143
0.01042484
0.01063025
0.01083766
0.01104708
0.01125851
0.01147193
0.01168736
0.01190480
0.01212424
0.01234568
0.01256913
0.01279458
0.01302203
0.01325149
0.01348295
0.01371642
0.01395189
0.01418936
0.01442884
0.01467033
0.01491381
0.01515930
0.01540680
0.01565630
0.01590780
0.01616131
0.01641682
0.01667433
0.01693385
0.01719537
0.01745890
0.01772443
0.01799197
0.01826150
0.01853305
0.01880659
0.01908215
0.01935970
0.01963926
0.01992082
0.02020439
0.02048996
0.02077753
0.02106711
0.02135870
0.02165228
0.02194787
0.02224547
0.02254507
0.02284667
0.02315028
0.02345589
0.02376350
0.02407312
0.02438475
0.02469837
0.02501400
0.02533164
0.02565128
0.02597292
0.02629657
0.02662222
0.02694987
0.02727953
0.02761119
0.02794486
0.02828053
0.02861821
0.02895789
0.02929957
0.02964326
0.02998895
0.03033664
0.03068634
0.03103805
0.03139175
0.03174746
0.03210518
0.03246490
0.03282662
0.03319035
0.03355608
0.03392381
0.03429355
0.03466530
0.03503904
0.03541479
0.03579255
0.03617231
0.03655407
0.03693784
0.03732361
0.03771139
0.03810116
0.03849295
0.03888673
0.03928253
0.03968032
0.04008012
0.04048192
0.04088573
0.04129154
0.04169936
0.04210918
0.04252100
0.04293483
0.04335066
0.04376849
0.04418833
0.04461018
0.04503402
0.04545987
0.04588773
0.04631759
0.04674945
0.04718332
0.04761919
0.04805707
0.04849695
0.04893883
0.04938272
0.04982861
0.05027650
0.05072640
0.05117831
0.05163221
0.05208812
0.05254604
0.05300596
0.05346788
0.05393181
0.05439774
0.05486568
0.05533562
0.05580756
0.05628151
0.05675746
0.05723541
0.05771537
0.05819734
0.05868130
0.05916728
0.05965525
0.06014523
0.06063721
0.06113120
0.06162719
0.06212519
0.06262519
0.06312719
0.06363120
0.06413721
0.06464523
0.06515525
0.06566727
0.06618130
0.06669733
0.06721536
0.06773540
0.06825745
0.06878149
0.06930755
0.06983560
0.07036566
0.07089772
0.07143179
0.07196786
0.07250594
0.07304602
0.07358810
0.07413219
0.07467828
0.07522638
0.07577648
0.07632858
0.07688269
0.07743880
0.07799692
0.07855704
0.07911916
0.07968329
0.08024942
0.08081755
0.08138769
0.08195984
0.08253399
0.08311014
0.08368829
0.08426845
0.08485062
0.08543478
0.08602096
0.08660913
0.08719931
0.08779150
0.08838568
0.08898187
0.08958007
0.09018027
0.09078247
0.09138668
0.09199289
0.09260111
0.09321133
0.09382355
0.09443778
0.09505401
0.09567225
0.09629249
0.09691473
0.09753898
0.09816523
0.09879349
0.09942375
0.10005601
0.10069028
0.10132655
0.10196483
0.10260511
0.10324739
0.10389168
0.10453797
0.10518627
0.10583657
0.10648887
0.10714318
0.10779949
0.10845781
0.10911813
0.10978045
0.11044478
0.11111111
0.11177945
0.11244979
0.11312213
0.11379648
0.11447283
0.11515119
0.11583155
0.11651391
0.11719828
0.11788465
0.11857303
0.11926341
0.11995579
0.12065018
0.12134657
0.12204497
0.12274537
0.12344777
0.12415218
0.12485859
0.12556701
0.12627743
0.12698985
0.12770428
0.12842071
0.12913915
0.12985959
0.13058203
0.13130648
0.13203293
0.13276139
0.13349185
0.13422431
0.13495878
0.13569525
0.13643373
0.13717421
0.13791670
0.13866118
0.13940768
0.14015617
0.14090667
0.14165918
0.14241368
0.14317020
0.14392871
0.14468923
0.14545176
0.14621629
0.14698282
0.14775135
0.14852190
0.14929444
0.15006899
0.15084554
0.15162410
0.15240466
0.15318722
0.15397179
0.15475836
0.15554694
0.15633752
0.15713010
0.15792469
0.15872128
0.15951988
0.16032048
0.16112309
0.16192769
0.16273431
0.16354292
0.16435354
0.16516617
0.16598080
0.16679743
0.16761606
0.16843670
0.16925935
0.17008400
0.17091065
0.17173931
0.17256997
0.17340263
0.17423730
0.17507397
0.17591265
0.17675333
0.17759601
0.17844070
0.17928740
0.18013609
0.18098679
0.18183950
0.18269421
0.18355092
0.18440963
0.18527036
0.18613308
0.18699781
0.18786454
0.18873328
0.18960402
0.19047676
0.19135151
0.19222826
0.19310702
0.19398778
0.19487055
0.19575531
0.19664209
0.19753086
0.19842164
0.19931443
0.20020922
0.20110601
0.20200481
0.20290561
0.20380841
0.20471322
0.20562003
0.20652885
0.20743967
0.20835250
0.20926733
0.21018416
0.21110299
0.21202384
0.21294668
0.21387153
0.21479838
0.21572724
0.21665810
0.21759096
0.21852583
0.21946271
0.22040158
0.22134246
0.22228535
0.22323024
0.22417713
0.22512603
0.22607693
0.22702983
0.22798474
0.22894165
0.22990057
0.23086149
0.23182442
0.23278935
0.23375628
0.23472522
0.23569616
0.23666910
0.23764405
0.23862100
0.23959996
0.24058092
0.24156389
0.24254886
0.24353583
0.24452481
0.24551579
0.24650877
0.24750376
0.24850075
0.24949975
0.25050075
0.25150376
0.25250877
0.25351578
0.25452480
0.25553582
0.25654884
0.25756387
0.25858090
0.25959994
0.26062098
0.26164403
0.26266908
0.26369613
0.26472519
0.26575625
0.26678931
0.26782438
0.26886145
0.26990053
0.27094161
0.27198470
0.27302979
0.27407688
0.27512598
0.27617708
0.27723018
0.27828529
0.27934241
0.28040152
0.28146264
0.28252577
0.28359090
0.28465803
0.28572717
0.28679831
0.28787146
0.28894660
0.29002376
0.29110291
0.29218408
0.29326724
0.29435241
0.29543958
0.29652876
0.29761994
0.29871313
0.29980832
0.30090551
0.30200471
0.30310591
0.30420911
0.30531432
0.30642154
0.30753075
0.30864198
0.30975520
0.31087043
0.31198766
0.31310690
0.31422814
0.31535139
0.31647664
0.31760389
0.31873315
0.31986441
0.32099767
0.32213294
0.32327022
0.32440949
0.32555078
0.32669406
0.32783935
0.32898664
0.33013594
0.33128724
0.33244055
0.33359586
0.33475317
0.33591249
0.33707381
0.33823714
0.33940247
0.34056980
0.34173914
0.34291048
0.34408382
0.34525917
0.34643653
0.34761588
0.34879725
0.34998061
0.35116598
0.35235335
0.35354273
0.35473411
0.35592750
0.35712289
0.35832028
0.35951968
0.36072108
0.36192449
0.36312990
0.36433731
0.36554673
0.36675815
0.36797158
0.36918700
0.37040444
0.37162388
0.37284532
0.37406876
0.37529421
0.37652167
0.37775112
0.37898259
0.38021605
0.38145152
0.38268900
0.38392847
0.38516995
0.38641344
0.38765893
0.38890642
0.39015592
0.39140742
0.39266093
0.39391644
0.39517395
0.39643347
0.39769499
0.39895852
0.40022405
0.40149158
0.40276112
0.40403266
0.40530621
0.40658176
0.40785931
0.40913887
0.41042043
0.41170400
0.41298957
0.41427714
0.41556672
0.41685830
0.41815189
0.41944748
0.42074507
0.42204467
0.42334627
0.42464988
0.42595549
0.42726310
0.42857272
0.42988434
0.43119796
0.43251359
0.43383123
0.43515087
0.43647251
0.43779615
0.43912180
0.44044946
0.44177912
0.44311078
0.44444444
0.44578011
0.44711779
0.44845747
0.44979915
0.45114283
0.45248852
0.45383622
0.45518592
0.45653762
0.45789132
0.45924703
0.46060475
0.46196447
0.46332619
0.46468992
0.46605565
0.46742338
0.46879312
0.47016486
0.47153861
0.47291436
0.47429211
0.47567187
0.47705363
0.47843740
0.47982317
0.48121094
0.48260072
0.48399250
0.48538629
0.48678208
0.48817987
0.48957967
0.49098147
0.49238528
0.49379109
0.49519890
0.49660872
0.49802054
0.49943437
0.50085020
0.50226803
0.50368787
0.50510971
0.50653356
0.50795941
0.50938727
0.51081712
0.51224899
0.51368285
0.51511872
0.51655660
0.51799647
0.51943836
0.52088224
0.52232813
0.52377603
0.52522593
0.52667783
0.52813174
0.52958765
0.53104556
0.53250548
0.53396740
0.53543133
0.53689726
0.53836519
0.53983513
0.54130707
0.54278102
0.54425697
0.54573492
0.54721488
0.54869684
0.55018081
0.55166678
0.55315476
0.55464473
0.55613672
0.55763070
0.55912669
0.56062469
0.56212469
0.56362669
0.56513070
0.56663671
0.56814472
0.56965474
0.57116676
0.57268079
0.57419682
0.57571485
0.57723489
0.57875694
0.58028098
0.58180703
0.58333509
0.58486515
0.58639721
0.58793127
0.58946735
0.59100542
0.59254550
0.59408758
0.59563167
0.59717776
0.59872585
0.60027595
0.60182805
0.60338216
0.60493827
0.60649639
0.60805650
0.60961863
0.61118275
0.61274889
0.61431702
0.61588716
0.61745930
0.61903345
0.62060960
0.62218775
0.62376791
0.62535007
0.62693424
0.62852041
0.63010859
0.63169877
0.63329095
0.63488514
0.63648133
0.63807952
0.63967972
0.64128192
0.64288613
0.64449234
0.64610056
0.64771077
0.64932300
0.65093722
0.65255345
0.65417169
0.65579193
0.65741417
0.65903842
0.66066467
0.66229292
0.66392318
0.66555545
0.66718971
0.66882598
0.67046426
0.67210454
0.67374682
0.67539111
0.67703740
0.67868569
0.68033599
0.68198829
0.68364260
0.68529891
0.68695723
0.68861755
0.69027987
0.69194420
0.69361053
0.69527886
0.69694920
0.69862154
0.70029589
0.70197224
0.70365060
0.70533096
0.70701332
0.70869769
0.71038406
0.71207243
0.71376281
0.71545519
0.71714958
0.71884597
0.72054437
0.72224477
0.72394717
0.72565158
0.72735799
0.72906640
0.73077682
0.73248925
0.73420367
0.73592010
0.73763854
0.73935898
0.74108142
0.74280587
0.74453232
0.74626078
0.74799123
0.74972370
0.75145816
0.75319464
0.75493311
0.75667359
0.75841607
0.76016056
0.76190705
0.76365555
0.76540605
0.76715855
0.76891306
0.77066957
0.77242808
0.77418860
0.77595113
0.77771565
0.77948218
0.78125072
0.78302126
0.78479380
0.78656835
0.78834490
0.79012346
0.79190402
0.79368658
0.79547115
0.79725772
0.79904629
0.80083687
0.80262946
0.80442404
0.80622064
0.80801923
0.80981983
0.81162243
0.81342704
0.81523365
0.81704227
0.81885289
0.82066551
0.82248014
0.82429677
0.82611540
0.82793604
0.82975869
0.83158334
0.83340999
0.83523864
0.83706930
0.83890197
0.84073663
0.84257330
0.84441198
0.84625266
0.84809534
0.84994003
0.85178672
0.85363542
0.85548612
0.85733882
0.85919353
0.86105024
0.86290896
0.86476967
0.86663240
0.86849713
0.87036386
0.87223259
0.87410333
0.87597608
0.87785082
0.87972758
0.88160633
0.88348709
0.88536985
0.88725462
0.88914139
0.89103017
0.89292095
0.89481373
0.89670852
0.89860531
0.90050411
0.90240491
0.90430771
0.90621252
0.90811933
0.91002815
0.91193897
0.91385179
0.91576662
0.91768345
0.91960228
0.92152312
0.92344597
0.92537082
0.92729767
0.92922652
0.93115738
0.93309025
0.93502512
0.93696199
0.93890086
0.94084174
0.94278463
0.94472951
0.94667641
0.94862530
0.95057620
0.95252911
0.95448401
0.95644093
0.95839984
0.96036076
0.96232369
0.96428861
0.96625554
0.96822448
0.97019542
0.97216836
0.97414331
0.97612026
0.97809922
0.98008018
0.98206314
0.98404811
0.98603508
0.98802406
0.99001504
0.99200802
0.99400301
0.99600000
0.99799900
1.00000000