0.10000000
0.10076076
0.10152152
0.10228228
0.10304304
0.10380380
0.10456456
0.10532533
0.10608609
0.10684685
0.10760761
0.10836837
0.10912913
0.10988989
0.11065065
0.11141141
0.11217217
0.11293293
0.11369369
0.11445445
0.11521522
0.11597598
0.11673674
0.11749750
0.11825826
0.11901902
0.11977978
0.12054054
0.12130130
0.12206206
0.12282282
0.12358358
0.12434434
0.12510511
0.12586587
0.12662663
0.12738739
0.12814815
0.12890891
0.12966967
0.13043043
0.13119119
0.13195195
0.13271271
0.13347347
0.13423423
0.13499499
0.13575576
0.13651652
0.13727728
0.13803804
0.13879880
0.13955956
0.14032032
0.14108108
0.14184184
0.14260260
0.14336336
0.14412412
0.14488488
0.14564565
0.14640641
0.14716717
0.14792793
0.14868869
0.14944945
0.15021021
0.15097097
0.15173173
0.15249249
0.15325325
0.15401401
0.15477477
0.15553554
0.15629630
0.15705706
0.15781782
0.15857858
0.15933934
0.16010010
0.16086086
0.16162162
0.16238238
0.16314314
0.16390390
0.16466466
0.16542543
0.16618619
0.16694695
0.16770771
0.16846847
0.16922923
0.16998999
0.17075075
0.17151151
0.17227227
0.17303303
0.17379379
0.17455455
0.17531532
0.17607608
0.17683684
0.17759760
0.17835836
0.17911912
0.17987988
0.18064064
0.18140140
0.18216216
0.18292292
0.18368368
0.18444444
0.18520521
0.18596597
0.18672673
0.18748749
0.18824825
0.18900901
0.18976977
0.19053053
0.19129129
0.19205205
0.19281281
0.19357357
0.19433433
0.19509510
0.19585586
0.19661662
0.19737738
0.19813814
0.19889890
0.19965966
0.20042042
0.20118118
0.20194194
0.20270270
0.20346346
0.20422422
0.20498498
0.20574575
0.20650651
0.20726727
0.20802803
0.20878879
0.20954955
0.21031031
0.21107107
0.21183183
0.21259259
0.21335335
0.21411411
0.21487487
0.21563564
0.21639640
0.21715716
0.21791792
0.21867868
0.21943944
0.22020020
0.22096096
0.22172172
0.22248248
0.22324324
0.22400400
0.22476476
0.22552553
0.22628629
0.22704705
0.22780781
0.22856857
0.22932933
0.23009009
0.23085085
0.23161161
0.23237237
0.23313313
0.23389389
0.23465465
0.23541542
0.23617618
0.23693694
0.23769770
0.23845846
0.23921922
0.23997998
0.24074074
0.24150150
0.24226226
0.24302302
0.24378378
0.24454454
0.24530531
0.24606607
0.24682683
0.24758759
0.24834835
0.24910911
0.24986987
0.25063063
0.25139139
0.25215215
0.25291291
0.25367367
0.25443443
0.25519520
0.25595596
0.25671672
0.25747748
0.25823824
0.25899900
0.25975976
0.26052052
0.26128128
0.26204204
0.26280280
0.26356356
0.26432432
0.26508509
0.26584585
0.26660661
0.26736737
0.26812813
0.26888889
0.26964965
0.27041041
0.27117117
0.27193193
0.27269269
0.27345345
0.27421421
0.27497497
0.27573574
0.27649650
0.27725726
0.27801802
0.27877878
0.27953954
0.28030030
0.28106106
0.28182182
0.28258258
0.28334334
0.28410410
0.28486486
0.28562563
0.28638639
0.28714715
0.28790791
0.28866867
0.28942943
0.29019019
0.29095095
0.29171171
0.29247247
0.29323323
0.29399399
0.29475475
0.29551552
0.29627628
0.29703704
0.29779780
0.29855856
0.29931932
0.30008008
0.30084084
0.30160160
0.30236236
0.30312312
0.30388388
0.30464464
0.30540541
0.30616617
0.30692693
0.30768769
0.30844845
0.30920921
0.30996997
0.31073073
0.31149149
0.31225225
0.31301301
0.31377377
0.31453453
0.31529530
0.31605606
0.31681682
0.31757758
0.31833834
0.31909910
0.31985986
0.32062062
0.32138138
0.32214214
0.32290290
0.32366366
0.32442442
0.32518519
0.32594595
0.32670671
0.32746747
0.32822823
0.32898899
0.32974975
0.33051051
0.33127127
0.33203203
0.33279279
0.33355355
0.33431431
0.33507508
0.33583584
0.33659660
0.33735736
0.33811812
0.33887888
0.33963964
0.34040040
0.34116116
0.34192192
0.34268268
0.34344344
0.34420420
0.34496496
0.34572573
0.34648649
0.34724725
0.34800801
0.34876877
0.34952953
0.35029029
0.35105105
0.35181181
0.35257257
0.35333333
0.35409409
0.35485485
0.35561562
0.35637638
0.35713714
0.35789790
0.35865866
0.35941942
0.36018018
0.36094094
0.36170170
0.36246246
0.36322322
0.36398398
0.36474474
0.36550551
0.36626627
0.36702703
0.36778779
0.36854855
0.36930931
0.37007007
0.37083083
0.37159159
0.37235235
0.37311311
0.37387387
0.37463463
0.37539540
0.37615616
0.37691692
0.37767768
0.37843844
0.37919920
0.37995996
0.38072072
0.38148148
0.38224224
0.38300300
0.38376376
0.38452452
0.38528529
0.38604605
0.38680681
0.38756757
0.38832833
0.38908909
0.38984985
0.39061061
0.39137137
0.39213213
0.39289289
0.39365365
0.39441441
0.39517518
0.39593594
0.39669670
0.39745746
0.39821822
0.39897898
0.39973974
0.40050050
0.40126126
0.40202202
0.40278278
0.40354354
0.40430430
0.40506507
0.40582583
0.40658659
0.40734735
0.40810811
0.40886887
0.40962963
0.41039039
0.41115115
0.41191191
0.41267267
0.41343343
0.41419419
0.41495495
0.41571572
0.41647648
0.41723724
0.41799800
0.41875876
0.41951952
0.42028028
0.42104104
0.42180180
0.42256256
0.42332332
0.42408408
0.42484484
0.42560561
0.42636637
0.42712713
0.42788789
0.42864865
0.42940941
0.43017017
0.43093093
0.43169169
0.43245245
0.43321321
0.43397397
0.43473473
0.43549550
0.43625626
0.43701702
0.43777778
0.43853854
0.43929930
0.44006006
0.44082082
0.44158158
0.44234234
0.44310310
0.44386386
0.44462462
0.44538539
0.44614615
0.44690691
0.44766767
0.44842843
0.44918919
0.44994995
0.45071071
0.45147147
0.45223223
0.45299299
0.45375375
0.45451451
0.45527528
0.45603604
0.45679680
0.45755756
0.45831832
0.45907908
0.45983984
0.46060060
0.46136136
0.46212212
0.46288288
0.46364364
0.46440440
0.46516517
0.46592593
0.46668669
0.46744745
0.46820821
0.46896897
0.46972973
0.47049049
0.47125125
0.47201201
0.47277277
0.47353353
0.47429429
0.47505506
0.47581582
0.47657658
0.47733734
0.47809810
0.47885886
0.47961962
0.48038038
0.48114114
0.48190190
0.48266266
0.48342342
0.48418418
0.48494494
0.48570571
0.48646647
0.48722723
0.48798799
0.48874875
0.48950951
0.49027027
0.49103103
0.49179179
0.49255255
0.49331331
0.49407407
0.49483483
0.49559560
0.49635636
0.49711712
0.49787788
0.49863864
0.49939940
0.50016016
0.50092092
0.50168168
0.50244244
0.50320320
0.50396396
0.50472472
0.50548549
0.50624625
0.50700701
0.50776777
0.50852853
0.50928929
0.51005005
0.51081081
0.51157157
0.51233233
0.51309309
0.51385385
0.51461461
0.51537538
0.51613614
0.51689690
0.51765766
0.51841842
0.51917918
0.51993994
0.52070070
0.52146146
0.52222222
0.52298298
0.52374374
0.52450450
0.52526527
0.52602603
0.52678679
0.52754755
0.52830831
0.52906907
0.52982983
0.53059059
0.53135135
0.53211211
0.53287287
0.53363363
0.53439439
0.53515516
0.53591592
0.53667668
0.53743744
0.53819820
0.53895896
0.53971972
0.54048048
0.54124124
0.54200200
0.54276276
0.54352352
0.54428428
0.54504505
0.54580581
0.54656657
0.54732733
0.54808809
0.54884885
0.54960961
0.55037037
0.55113113
0.55189189
0.55265265
0.55341341
0.55417417
0.55493493
0.55569570
0.55645646
0.55721722
0.55797798
0.55873874
0.55949950
0.56026026
0.56102102
0.56178178
0.56254254
0.56330330
0.56406406
0.56482482
0.56558559
0.56634635
0.56710711
0.56786787
0.56862863
0.56938939
0.57015015
0.57091091
0.57167167
0.57243243
0.57319319
0.57395395
0.57471471
0.57547548
0.57623624
0.57699700
0.57775776
0.57851852
0.57927928
0.58004004
0.58080080
0.58156156
0.58232232
0.58308308
0.58384384
0.58460460
0.58536537
0.58612613
0.58688689
0.58764765
0.58840841
0.58916917
0.58992993
0.59069069
0.59145145
0.59221221
0.59297297
0.59373373
0.59449449
0.59525526
0.59601602
0.59677678
0.59753754
0.59829830
0.59905906
0.59981982
0.60058058
0.60134134
0.60210210
0.60286286
0.60362362
0.60438438
0.60514515
0.60590591
0.60666667
0.60742743
0.60818819
0.60894895
0.60970971
0.61047047
0.61123123
0.61199199
0.61275275
0.61351351
0.61427427
0.61503504
0.61579580
0.61655656
0.61731732
0.61807808
0.61883884
0.61959960
0.62036036
0.62112112
0.62188188
0.62264264
0.62340340
0.62416416
0.62492492
0.62568569
0.62644645
0.62720721
0.62796797
0.62872873
0.62948949
0.63025025
0.63101101
0.63177177
0.63253253
0.63329329
0.63405405
0.63481481
0.63557558
0.63633634
0.63709710
0.63785786
0.63861862
0.63937938
0.64014014
0.64090090
0.64166166
0.64242242
0.64318318
0.64394394
0.64470470
0.64546547
0.64622623
0.64698699
0.64774775
0.64850851
0.64926927
0.65003003
0.65079079
0.65155155
0.65231231
0.65307307
0.65383383
0.65459459
0.65535536
0.65611612
0.65687688
0.65763764
0.65839840
0.65915916
0.65991992
0.66068068
0.66144144
0.66220220
0.66296296
0.66372372
0.66448448
0.66524525
0.66600601
0.66676677
0.66752753
0.66828829
0.66904905
0.66980981
0.67057057
0.67133133
0.67209209
0.67285285
0.67361361
0.67437437
0.67513514
0.67589590
0.67665666
0.67741742
0.67817818
0.67893894
0.67969970
0.68046046
0.68122122
0.68198198
0.68274274
0.68350350
0.68426426
0.68502503
0.68578579
0.68654655
0.68730731
0.68806807
0.68882883
0.68958959
0.69035035
0.69111111
0.69187187
0.69263263
0.69339339
0.69415415
0.69491491
0.69567568
0.69643644
0.69719720
0.69795796
0.69871872
0.69947948
0.70024024
0.70100100
0.70176176
0.70252252
0.70328328
0.70404404
0.70480480
0.70556557
0.70632633
0.70708709
0.70784785
0.70860861
0.70936937
0.71013013
0.71089089
0.71165165
0.71241241
0.71317317
0.71393393
0.71469469
0.71545546
0.71621622
0.71697698
0.71773774
0.71849850
0.71925926
0.72002002
0.72078078
0.72154154
0.72230230
0.72306306
0.72382382
0.72458458
0.72534535
0.72610611
0.72686687
0.72762763
0.72838839
0.72914915
0.72990991
0.73067067
0.73143143
0.73219219
0.73295295
0.73371371
0.73447447
0.73523524
0.73599600
0.73675676
0.73751752
0.73827828
0.73903904
0.73979980
0.74056056
0.74132132
0.74208208
0.74284284
0.74360360
0.74436436
0.74512513
0.74588589
0.74664665
0.74740741
0.74816817
0.74892893
0.74968969
0.75045045
0.75121121
0.75197197
0.75273273
0.75349349
0.75425425
0.75501502
0.75577578
0.75653654
0.75729730
0.75805806
0.75881882
0.75957958
0.76034034
0.76110110
0.76186186
0.76262262
0.76338338
0.76414414
0.76490490
0.76566567
0.76642643
0.76718719
0.76794795
0.76870871
0.76946947
0.77023023
0.77099099
0.77175175
0.77251251
0.77327327
0.77403403
0.77479479
0.77555556
0.77631632
0.77707708
0.77783784
0.77859860
0.77935936
0.78012012
0.78088088
0.78164164
0.78240240
0.78316316
0.78392392
0.78468468
0.78544545
0.78620621
0.78696697
0.78772773
0.78848849
0.78924925
0.79001001
0.79077077
0.79153153
0.79229229
0.79305305
0.79381381
0.79457457
0.79533534
0.79609610
0.79685686
0.79761762
0.79837838
0.79913914
0.79989990
0.80066066
0.80142142
0.80218218
0.80294294
0.80370370
0.80446446
0.80522523
0.80598599
0.80674675
0.80750751
0.80826827
0.80902903
0.80978979
0.81055055
0.81131131
0.81207207
0.81283283
0.81359359
0.81435435
0.81511512
0.81587588
0.81663664
0.81739740
0.81815816
0.81891892
0.81967968
0.82044044
0.82120120
0.82196196
0.82272272
0.82348348
0.82424424
0.82500501
0.82576577
0.82652653
0.82728729
0.82804805
0.82880881
0.82956957
0.83033033
0.83109109
0.83185185
0.83261261
0.83337337
0.83413413
0.83489489
0.83565566
0.83641642
0.83717718
0.83793794
0.83869870
0.83945946
0.84022022
0.84098098
0.84174174
0.84250250
0.84326326
0.84402402
0.84478478
0.84554555
0.84630631
0.84706707
0.84782783
0.84858859
0.84934935
0.85011011
0.85087087
0.85163163
0.85239239
0.85315315
0.85391391
0.85467467
0.85543544
0.85619620
0.85695696
0.85771772
0.85847848
0.85923924
0.86000000