# column 1 = time
# column 2 = pressure
# column 3 = temperature
# column 4 = density
# columns 5-6 = phase fractions
# columns 7-8 = phase densities
# columns 9-10 = phase viscosities
0.0000e+00 2.0000e+07 2.8315e+02 3.6498e+00 1.0000e+00 4.0947e-11 3.6498e+00 1.0093e+03 1.4697e-05 1.3060e-03 
2.0408e-02 2.0204e+07 2.8317e+02 3.6498e+00 1.0000e+00 4.0947e-11 3.6498e+00 1.0094e+03 1.4697e-05 1.3054e-03 
4.0816e-02 2.0408e+07 2.8319e+02 3.6498e+00 1.0000e+00 4.0947e-11 3.6498e+00 1.0095e+03 1.4697e-05 1.3048e-03 
6.1224e-02 2.0612e+07 2.8321e+02 3.6498e+00 1.0000e+00 4.0947e-11 3.6498e+00 1.0095e+03 1.4697e-05 1.3041e-03 
8.1633e-02 2.0816e+07 2.8323e+02 3.6498e+00 1.0000e+00 4.0947e-11 3.6498e+00 1.0096e+03 1.4697e-05 1.3035e-03 
1.0204e-01 2.1020e+07 2.8325e+02 3.6498e+00 1.0000e+00 4.0947e-11 3.6498e+00 1.0097e+03 1.4697e-05 1.3029e-03 
1.2245e-01 2.1224e+07 2.8327e+02 3.6498e+00 1.0000e+00 4.0947e-11 3.6498e+00 1.0098e+03 1.4697e-05 1.3023e-03 
1.4286e-01 2.1429e+07 2.8329e+02 3.6498e+00 1.0000e+00 4.0947e-11 3.6498e+00 1.0099e+03 1.4697e-05 1.3017e-03 
1.6327e-01 2.1633e+07 2.8331e+02 3.6498e+00 1.0000e+00 4.0947e-11 3.6498e+00 1.0100e+03 1.4697e-05 1.3010e-03 
1.8367e-01 2.1837e+07 2.8333e+02 3.6498e+00 1.0000e+00 4.0947e-11 3.6498e+00 1.0101e+03 1.4697e-05 1.3004e-03 
2.0408e-01 2.2041e+07 2.8335e+02 3.6498e+00 1.0000e+00 4.0947e-11 3.6498e+00 1.0102e+03 1.4697e-05 1.2998e-03 
2.2449e-01 2.2245e+07 2.8337e+02 3.6498e+00 1.0000e+00 4.0947e-11 3.6498e+00 1.0103e+03 1.4697e-05 1.2992e-03 
2.4490e-01 2.2449e+07 2.8339e+02 3.6498e+00 1.0000e+00 4.0947e-11 3.6498e+00 1.0104e+03 1.4697e-05 1.2985e-03 
2.6531e-01 2.2653e+07 2.8342e+02 3.6498e+00 1.0000e+00 4.0947e-11 3.6498e+00 1.0104e+03 1.4697e-05 1.2979e-03 
2.8571e-01 2.2857e+07 2.8344e+02 3.6498e+00 1.0000e+00 4.0947e-11 3.6498e+00 1.0105e+03 1.4697e-05 1.2973e-03 
3.0612e-01 2.3061e+07 2.8346e+02 3.6498e+00 1.0000e+00 4.0947e-11 3.6498e+00 1.0106e+03 1.4697e-05 1.2967e-03 
3.2653e-01 2.3265e+07 2.8348e+02 3.6498e+00 1.0000e+00 4.0947e-11 3.6498e+00 1.0107e+03 1.4697e-05 1.2961e-03 
3.4694e-01 2.3469e+07 2.8350e+02 3.6498e+00 1.0000e+00 4.0947e-11 3.6498e+00 1.0108e+03 1.4697e-05 1.2954e-03 
3.6735e-01 2.3673e+07 2.8352e+02 3.6498e+00 1.0000e+00 4.0947e-11 3.6498e+00 1.0109e+03 1.4697e-05 1.2948e-03 
3.8776e-01 2.3878e+07 2.8354e+02 3.6498e+00 1.0000e+00 4.0947e-11 3.6498e+00 1.0110e+03 1.4697e-05 1.2942e-03 
4.0816e-01 2.4082e+07 2.8356e+02 3.6498e+00 1.0000e+00 4.0947e-11 3.6498e+00 1.0111e+03 1.4697e-05 1.2936e-03 
4.2857e-01 2.4286e+07 2.8358e+02 3.6498e+00 1.0000e+00 4.0947e-11 3.6498e+00 1.0112e+03 1.4697e-05 1.2930e-03 
4.4898e-01 2.4490e+07 2.8360e+02 3.6498e+00 1.0000e+00 4.0947e-11 3.6498e+00 1.0113e+03 1.4697e-05 1.2923e-03 
4.6939e-01 2.4694e+07 2.8362e+02 3.6498e+00 1.0000e+00 4.0947e-11 3.6498e+00 1.0113e+03 1.4697e-05 1.2917e-03 
4.8980e-01 2.4898e+07 2.8364e+02 3.6498e+00 1.0000e+00 4.0947e-11 3.6498e+00 1.0114e+03 1.4697e-05 1.2911e-03 
5.1020e-01 2.5102e+07 2.8366e+02 3.6498e+00 1.0000e+00 4.0947e-11 3.6498e+00 1.0115e+03 1.4697e-05 1.2905e-03 
5.3061e-01 2.5306e+07 2.8368e+02 3.6498e+00 1.0000e+00 4.0947e-11 3.6498e+00 1.0116e+03 1.4697e-05 1.2898e-03 
5.5102e-01 2.5510e+07 2.8370e+02 3.6498e+00 1.0000e+00 4.0947e-11 3.6498e+00 1.0117e+03 1.4697e-05 1.2892e-03 
5.7143e-01 2.5714e+07 2.8372e+02 3.6498e+00 1.0000e+00 4.0947e-11 3.6498e+00 1.0118e+03 1.4697e-05 1.2886e-03 
5.9184e-01 2.5918e+07 2.8374e+02 3.6498e+00 1.0000e+00 4.0947e-11 3.6498e+00 1.0119e+03 1.4697e-05 1.2880e-03 
6.1224e-01 2.6122e+07 2.8376e+02 3.6498e+00 1.0000e+00 4.0947e-11 3.6498e+00 1.0120e+03 1.4697e-05 1.2874e-03 
6.3265e-01 2.6327e+07 2.8378e+02 3.6498e+00 1.0000e+00 4.0947e-11 3.6498e+00 1.0121e+03 1.4697e-05 1.2867e-03 
6.5306e-01 2.6531e+07 2.8380e+02 3.6498e+00 1.0000e+00 4.0947e-11 3.6498e+00 1.0122e+03 1.4697e-05 1.2861e-03 
6.7347e-01 2.6735e+07 2.8382e+02 3.6498e+00 1.0000e+00 4.0947e-11 3.6498e+00 1.0122e+03 1.4697e-05 1.2855e-03 
6.9388e-01 2.6939e+07 2.8384e+02 3.6498e+00 1.0000e+00 4.0947e-11 3.6498e+00 1.0123e+03 1.4697e-05 1.2849e-03 
7.1429e-01 2.7143e+07 2.8386e+02 3.6498e+00 1.0000e+00 4.0947e-11 3.6498e+00 1.0124e+03 1.4697e-05 1.2843e-03 
7.3469e-01 2.7347e+07 2.8388e+02 3.6498e+00 1.0000e+00 4.0947e-11 3.6498e+00 1.0125e+03 1.4697e-05 1.2836e-03 
7.5510e-01 2.7551e+07 2.8391e+02 3.6498e+00 1.0000e+00 4.0947e-11 3.6498e+00 1.0126e+03 1.4697e-05 1.2830e-03 
7.7551e-01 2.7755e+07 2.8393e+02 3.6498e+00 1.0000e+00 4.0947e-11 3.6498e+00 1.0127e+03 1.4697e-05 1.2824e-03 
7.9592e-01 2.7959e+07 2.8395e+02 3.6498e+00 1.0000e+00 4.0947e-11 3.6498e+00 1.0128e+03 1.4697e-05 1.2818e-03 
8.1633e-01 2.8163e+07 2.8397e+02 3.6498e+00 1.0000e+00 4.0947e-11 3.6498e+00 1.0129e+03 1.4697e-05 1.2812e-03 
8.3673e-01 2.8367e+07 2.8399e+02 3.6498e+00 1.0000e+00 4.0947e-11 3.6498e+00 1.0130e+03 1.4697e-05 1.2805e-03 
8.5714e-01 2.8571e+07 2.8401e+02 3.6498e+00 1.0000e+00 4.0947e-11 3.6498e+00 1.0131e+03 1.4697e-05 1.2799e-03 
8.7755e-01 2.8776e+07 2.8403e+02 3.6498e+00 1.0000e+00 4.0947e-11 3.6498e+00 1.0131e+03 1.4697e-05 1.2793e-03 
8.9796e-01 2.8980e+07 2.8405e+02 3.6498e+00 1.0000e+00 4.0947e-11 3.6498e+00 1.0132e+03 1.4697e-05 1.2787e-03 
9.1837e-01 2.9184e+07 2.8407e+02 3.6498e+00 1.0000e+00 4.0947e-11 3.6498e+00 1.0133e+03 1.4697e-05 1.2780e-03 
9.3878e-01 2.9388e+07 2.8409e+02 3.6498e+00 1.0000e+00 4.0947e-11 3.6498e+00 1.0134e+03 1.4697e-05 1.2774e-03 
9.5918e-01 2.9592e+07 2.8411e+02 3.6498e+00 1.0000e+00 4.0947e-11 3.6498e+00 1.0135e+03 1.4697e-05 1.2768e-03 
9.7959e-01 2.9796e+07 2.8413e+02 3.6498e+00 1.0000e+00 4.0947e-11 3.6498e+00 1.0136e+03 1.4697e-05 1.2762e-03 
1.0000e+00 3.0000e+07 2.8415e+02 3.6498e+00 1.0000e+00 4.0947e-11 3.6498e+00 1.0137e+03 1.4697e-05 1.2756e-03 
