95000.00000000
5674.05219456
4010.13722634
3272.61138314
2832.73420395
2532.39533297
2310.58256691
2138.10305839
1999.00152245
1883.72392465
1786.15368858
1702.16918865
1628.87821025
1564.18334076
1506.52150839
1454.70078457
1407.79424663
1365.06872840
1325.93566804
1289.91638509
1256.61703360
1225.71019805
1196.92114548
1170.01740265
1144.80074783
1121.10098269
1098.77103480
1077.68306735
1057.72536000
1038.79978651
1020.81975874
1003.70853845
987.39784150
971.82667645
956.94037250
942.68976117
929.03048397
915.92240355
903.32910076
891.21744299
879.55721230
868.32078364
857.48284555
847.02015672
836.91133319
827.13666163
817.67793516
808.51830840
799.64216921
791.03502499
782.68340140
774.57475219
766.69737852
759.04035673
751.59347348
744.34716741
737.29247658
730.42099091
723.72480929
717.19650058
710.82906824
704.61591819
698.55082950
692.62792763
686.84166003
681.18677377
675.65829505
670.25151040
664.96194942
659.78536887
654.71773802
649.75522519
644.89418522
640.13114799
635.46280773
630.88601315
626.39775825
621.99517385
617.67551963
613.43617681
609.27464131
605.18851733
601.17551140
597.23342687
593.36015864
589.55368839
585.81207995
582.13347509
578.51608954
574.95820919
571.45818663
568.01443783
564.62543903
561.28972383
558.00588041
554.77254900
551.58841937
548.45222859
545.36275882
542.31883525
539.31932419
536.36313123
533.44919949
530.57650800
527.74407011
524.95093207
522.19617159
519.47889651
516.79824361
514.15337732
511.54348867
508.96779415
506.42553474
503.91597488
501.43840159
498.99212357
496.57647034
494.19079147
491.83445578
489.50685066
487.20738132
484.93547017
482.69055615
480.47209416
478.27955445
476.11242210
473.97019645
471.85239062
469.75853104
467.68815695
465.64081997
463.61608369
461.61352326
459.63272496
457.67328588
455.73481353
453.81692551
451.91924914
450.04142120
448.18308759
446.34390304
444.52353084
442.72164256
440.93791777
439.17204384
437.42371565
435.69263538
433.97851228
432.28106248
430.60000874
428.93508028
427.28601257
425.65254717
424.03443153
422.43141882
420.84326779
419.26974255
417.71061248
416.16565206
414.63464070
413.11736263
411.61360676
410.12316654
408.64583985
407.18142886
405.72973993
404.29058349
402.86377393
401.44912949
400.04647217
398.65562762
397.27642503
395.90869709
394.55227983
393.20701258
391.87273787
390.54930136
389.23655173
387.93434064
386.64252265
385.36095511
384.08949814
382.82801454
381.57636970
380.33443159
379.10207065
377.87915977
376.66557417
375.46119143
374.26589136
373.07955597
371.90206945
370.73331807
369.57319016
368.42157606
367.27836807
366.14346040
365.01674913
363.89813218
362.78750925
361.68478179
360.58985294
359.50262755
358.42301207
357.35091455
356.28624463
355.22891345
354.17883365
353.13591934
352.10008607
351.07125077
350.04933176
349.03424868
348.02592252
347.02427551
346.02923118
345.04071428
344.05865075
343.08296773
342.11359353
341.15045757
340.19349039
339.24262364
338.29779000
337.35892323
336.42595809
335.49883036
334.57747681
333.66183516
332.75184408
331.84744318
330.94857297
330.05517484
329.16719109
328.28456486
327.40724011
326.53516166
325.66827513
324.80652692
323.94986424
323.09823503
322.25158802
321.40987264
320.57303907
319.74103819
318.91382158
318.09134150
317.27355090
316.46040336
315.65185314
314.84785511
314.04836479
313.25333829
312.46273234
311.67650426
310.89461194
310.11701386
309.34366906
308.57453711
307.80957815
307.04875283
306.29202236
305.53934841
304.79069322
304.04601947
303.30529036
302.56846958
301.83552127
301.10641003
300.38110096
299.65955956
298.94175180
298.22764407
297.51720322
296.81039647
296.10719150
295.40755637
294.71145955
294.01886990
293.32975668
292.64408952
291.96183843
291.28297378
290.60746632
289.93528715
289.26640772
288.60079982
287.93843561
287.27928756
286.62332847
285.97053148
285.32087004
284.67431792
284.03084920
283.39043828
282.75305984
282.11868886
281.48730063
280.85887071
280.23337495
279.61078948
278.99109072
278.37425532
277.76026025
277.14908270
276.54070015
275.93509031
275.33223116
274.73210093
274.13467809
273.53994133
272.94786962
272.35844212
271.77163826
271.18743767
270.60582021
270.02676598
269.45025527
268.87626860
268.30478671
267.73579053
267.16926121
266.60518010
266.04352875
265.48428889
264.92744249
264.37297166
263.82085874
263.27108623
262.72363683
262.17849341
261.63563904
261.09505694
260.55673053
260.02064338
259.48677926
258.95512206
258.42565589
257.89836498
257.37323374
256.85024675
256.32938873
255.81064455
255.29399926
254.77943803
254.26694619
253.75650924
253.24811278
252.74174259
252.23738458
251.73502479
251.23464942
250.73624479
250.23979734
249.74529369
249.25272053
248.76206474
248.27331327
247.78645324
247.30147188
246.81835653
246.33709468
245.85767390
245.38008193
244.90430657
244.43033578
243.95815762
243.48776025
243.01913196
242.55226114
242.08713630
241.62374604
241.16207907
240.70212422
240.24387041
239.78730666
239.33242210
238.87920596
238.42764757
237.97773634
237.52946180
237.08281356
236.63778132
236.19435490
235.75252418
235.31227916
234.87360990
234.43650657
234.00095942
233.56695878
233.13449509
232.70355886
232.27414066
231.84623119
231.41982119
230.99490151
230.57146307
230.14949686
229.72899396
229.30994552
228.89234277
228.47617703
228.06143966
227.64812213
227.23621596
226.82571276
226.41660419
226.00888200
225.60253801
225.19756409
224.79395219
224.39169434
223.99078262
223.59120918
223.19296624
222.79604609
222.40044106
222.00614357
221.61314610
221.22144117
220.83102139
220.44187941
220.05400795
219.66739979
219.28204776
218.89794476
218.51508374
218.13345771
217.75305974
217.37388294
216.99592050
216.61916565
216.24361167
215.86925191
215.49607975
215.12408864
214.75327208
214.38362362
214.01513686
213.64780544
213.28162307
212.91658350
212.55268052
212.18990798
211.82825979
211.46772987
211.10831221
210.75000087
210.39278990
210.03667345
209.68164569
209.32770083
208.97483312
208.62303689
208.27230647
207.92263626
207.57402069
207.22645424
206.87993142
206.53444680
206.18999497
205.84657057
205.50416828
205.16278283
204.82240897
204.48304150
204.14467526
203.80730512
203.47092599
203.13553283
202.80112063
202.46768440
202.13521920
201.80372015
201.47318235
201.14360100
200.81497128
200.48728843
200.16054773
199.83474448
199.50987403
199.18593174
198.86291302
198.54081332
198.21962810
197.89935286
197.57998315
197.26151453
196.94394259
196.62726298
196.31147135
195.99656339
195.68253482
195.36938140
195.05709890
194.74568314
194.43512995
194.12543521
193.81659482
193.50860469
193.20146078
192.89515907
192.58969558
192.28506634
191.98126740
191.67829488
191.37614487
191.07481353
190.77429702
190.47459154
190.17569331
189.87759858
189.58030362
189.28380473
188.98809824
188.69318048
188.39904782
188.10569668
187.81312345
187.52132460
187.23029658
186.94003588
186.65053902
186.36180254
186.07382299
185.78659695
185.50012103
185.21439186
184.92940609
184.64516038
184.36165143
184.07887594
183.79683066
183.51551235
183.23491777
182.95504372
182.67588703
182.39744453
182.11971308
181.84268956
181.56637087
181.29075393
181.01583566
180.74161305
180.46808305
180.19524266
179.92308891
179.65161882
179.38082945
179.11071786
178.84128115
178.57251642
178.30442080
178.03699143
177.77022547
177.50412011
177.23867253
176.97387996
176.70973961
176.44624875
176.18340463
175.92120454
175.65964576
175.39872563
175.13844147
174.87879062
174.61977045
174.36137834
174.10361169
173.84646790
173.58994441
173.33403864
173.07874807
172.82407016
172.57000241
172.31654231
172.06368738
171.81143516
171.55978320
171.30872905
171.05827029
170.80840451
170.55912932
170.31044233
170.06234119
169.81482353
169.56788702
169.32152933
169.07574815
168.83054119
168.58590615
168.34184076
168.09834277
167.85540994
167.61304002
167.37123080
167.12998008
166.88928565
166.64914534
166.40955698
166.17051841
165.93202749
165.69408209
165.45668008
165.21981936
164.98349783
164.74771342
164.51246404
164.27774763
164.04356216
163.80990558
163.57677586
163.34417099
163.11208897
162.88052781
162.64948553
162.41896015
162.18894971
161.95945228
161.73046591
161.50198867
161.27401865
161.04655395
160.81959267
160.59313293
160.36717285
160.14171057
159.91674423
159.69227200
159.46829204
159.24480252
159.02180164
158.79928758
158.57725857
158.35571280
158.13464851
157.91406394
157.69395732
157.47432692
157.25517099
157.03648781
156.81827567
156.60053284
156.38325764
156.16644837
155.95010335
155.73422090
155.51879938
155.30383711
155.08933245
154.87528377
154.66168944
154.44854784
154.23585735
154.02361637
153.81182330
153.60047657
153.38957459
153.17911579
152.96909861
152.75952149
152.55038290
152.34168128
152.13341512
151.92558289
151.71818308
151.51121417
151.30467467
151.09856310
150.89287796
150.68761778
150.48278110
150.27836645
150.07437237
149.87079743
149.66764019
149.46489920
149.26257306
149.06066034
148.85915963
148.65806953
148.45738865
148.25711559
148.05724898
147.85778743
147.65872959
147.46007409
147.26181957
147.06396470
146.86650812
146.66944851
146.47278453
146.27651487
146.08063821
145.88515325
145.69005867
145.49535320
145.30103553
145.10710438
144.91355849
144.72039657
144.52761737
144.33521963
144.14320209
143.95156352
143.76030266
143.56941830
143.37890919
143.18877413
142.99901188
142.80962126
142.62060104
142.43195003
142.24366704
142.05575089
141.86820038
141.68101435
141.49419163
141.30773105
141.12163146
140.93589169
140.75051060
140.56548706
140.38081992
140.19650804
140.01255032
139.82894562
139.64569282
139.46279082
139.28023852
139.09803481
138.91617859
138.73466879
138.55350430
138.37268406
138.19220699
138.01207201
137.83227807
137.65282411
137.47370906
137.29493188
137.11649152
136.93838694
136.76061712
136.58318101
136.40607758
136.22930583
136.05286473
135.87675327
135.70097044
135.52551523
135.35038666
135.17558372
135.00110543
134.82695080
134.65311885
134.47960860
134.30641909
134.13354934
133.96099839
133.78876529
133.61684907
133.44524880
133.27396351
133.10299228
132.93233416
132.76198822
132.59195353
132.42222917
132.25281421
132.08370774
131.91490884
131.74641661
131.57823014
131.41034853
131.24277088
131.07549630
130.90852390
130.74185280
130.57548211
130.40941096
130.24363847
130.07816377
129.91298600
129.74810430
129.58351780
129.41922565
129.25522700
129.09152101
128.92810682
128.76498360
128.60215051
128.43960672
128.27735139
128.11538371
127.95370285
127.79230800
127.63119832
127.47037302
127.30983129
127.14957232
126.98959530
126.82989945
126.67048396
126.51134804
126.35249091
126.19391179
126.03560988
125.87758441
125.71983461
125.56235970
125.40515891
125.24823149
125.09157667
124.93519368
124.77908178
124.62324021
124.46766822
124.31236506
124.15733000
124.00256228
123.84806118
123.69382596
123.53985589
123.38615024
123.23270828
123.07952929
122.92661256
122.77395737
122.62156300
122.46942875
122.31755390
122.16593775
122.01457960
121.86347875
121.71263450
121.56204617
121.41171306
121.26163448
121.11180975
120.96223818
120.81291910
120.66385183
120.51503570
120.36647003
120.21815416
120.07008741
119.92226914
119.77469867
119.62737534
119.48029851
119.33346752
119.18688172
119.04054047
118.89444310
118.74858900
118.60297751
118.45760799
118.31247982
118.16759236
118.02294498
117.87853705
117.73436795
117.59043706
117.44674375
117.30328740
117.16006741
117.01708316
116.87433404
116.73181944
116.58953875
116.44749137
116.30567671
116.16409415
116.02274311
115.88162300
115.74073321
115.60007316
115.45964226
115.31943993
115.17946559
115.03971865
114.90019853
114.76090466
114.62183647
114.48299338
114.34437483
114.20598024
114.06780906
113.92986071
113.79213464
113.65463029
113.51734709
113.38028451
113.24344198
113.10681895
112.97041488
112.83422922
112.69826142
112.56251095
112.42697725
112.29165980
112.15655806
112.02167149
111.88699956
111.75254175
111.61829751
111.48426633
111.35044769
111.21684105
111.08344590
110.95026172
110.81728800
110.68452421
110.55196985
110.41962441
110.28748737
110.15555823
110.02383648
109.89232162
109.76101315
109.62991057
109.49901337
109.36832107
109.23783317
109.10754918
108.97746860
108.84759095
108.71791574
108.58844248
108.45917069
108.33009989
108.20122960
108.07255934
107.94408862
107.81581699
107.68774396
107.55986906
107.43219182
107.30471177
107.17742845
107.05034139
106.92345013
106.79675421
106.67025316
106.54394653
106.41783386
106.29191470
106.16618859
106.04065507
105.91531371
105.79016405
105.66520564
105.54043803
105.41586079
105.29147347
105.16727564
105.04326684
104.91944664
104.79581461
104.67237031
104.54911330
104.42604316
104.30315946
104.18046176
104.05794965
103.93562268
103.81348044
103.69152251
103.56974846
103.44815788
103.32675034
103.20552543
103.08448273
102.96362182
102.84294231
102.72244376
102.60212578
102.48198796
102.36202988
102.24225114
102.12265134
102.00323007
101.88398693
101.76492153
101.64603345
101.52732232
101.40878772
101.29042926
101.17224655
101.05423920
100.93640681
100.81874900
100.70126538
100.58395556
100.46681915
100.34985578
100.23306505
100.11644658
100.00000000