95000.00000000
60.27700556
42.59883688
34.76266743
30.08878282
26.89740732
24.54033663
22.70741790
21.22913620
20.00398493
18.96697808
18.07432475
17.29529582
16.60760657
15.99464941
15.44376003
14.94508972
14.49084842
14.07478244
13.69180558
13.33773302
13.00908576
12.70294454
12.41683916
12.14866332
11.89660847
11.65911182
11.43481494
11.22253066
11.02121623
10.82995154
10.64792110
10.47439929
10.30873797
10.15035614
9.99873130
9.85339205
9.71391182
9.57990360
9.45101526
9.32692567
9.20734123
9.09199295
8.98063382
8.87303657
8.76899169
8.66830568
8.57079950
8.47630722
8.38467481
8.29575906
8.20942661
8.12555313
8.04402251
7.96472620
7.88756256
7.81243634
7.73925815
7.66794401
7.59841492
7.53059652
7.46441871
7.39981538
7.33672407
7.27508576
7.21484462
7.15594776
7.09834510
7.04198910
6.98683466
6.93283893
6.87996118
6.82816266
6.77740648
6.72765749
6.67888219
6.63104864
6.58412631
6.53808609
6.49290013
6.44854181
6.40498566
6.36220729
6.32018336
6.27889147
6.23831017
6.19841889
6.15919785
6.12062809
6.08269138
6.04537021
6.00864774
5.97250776
5.93693469
5.90191350
5.86742975
5.83346950
5.80001933
5.76706628
5.73459785
5.70260201
5.67106710
5.63998190
5.60933554
5.57911753
5.54931773
5.51992634
5.49093386
5.46233111
5.43410922
5.40625958
5.37877385
5.35164396
5.32486210
5.29842067
5.27231233
5.24652995
5.22106661
5.19591559
5.17107039
5.14652467
5.12227230
5.09830730
5.07462388
5.05121641
5.02807940
5.00520753
4.98259563
4.96023866
4.93813172
4.91627003
4.89464896
4.87326398
4.85211070
4.83118483
4.81048220
4.78999874
4.76973048
4.74967356
4.72982422
4.71017878
4.69073366
4.67148536
4.65243048
4.63356570
4.61488776
4.59639350
4.57807982
4.55994371
4.54198222
4.52419246
4.50657163
4.48911696
4.47182578
4.45469546
4.43772344
4.42090719
4.40424428
4.38773230
4.37136890
4.35515179
4.33907872
4.32314750
4.30735597
4.29170203
4.27618362
4.26079872
4.24554536
4.23042160
4.21542555
4.20055536
4.18580921
4.17118531
4.15668192
4.14229734
4.12802988
4.11387791
4.09983981
4.08591401
4.07209896
4.05839313
4.04479505
4.03130326
4.01791631
4.00463280
3.99145137
3.97837064
3.96538930
3.95250605
3.93971960
3.92702869
3.91443211
3.90192862
3.88951706
3.87719624
3.86496503
3.85282229
3.84076693
3.82879785
3.81691400
3.80511430
3.79339775
3.78176333
3.77021003
3.75873688
3.74734293
3.73602722
3.72478882
3.71362682
3.70254032
3.69152844
3.68059030
3.66972506
3.65893187
3.64820990
3.63755834
3.62697639
3.61646326
3.60601817
3.59564037
3.58532909
3.57508361
3.56490318
3.55478711
3.54473467
3.53474518
3.52481795
3.51495232
3.50514761
3.49540317
3.48571837
3.47609256
3.46652513
3.45701545
3.44756293
3.43816697
3.42882698
3.41954238
3.41031259
3.40113707
3.39201525
3.38294659
3.37393055
3.36496660
3.35605422
3.34719288
3.33838209
3.32962134
3.32091014
3.31224800
3.30363444
3.29506898
3.28655117
3.27808053
3.26965661
3.26127897
3.25294717
3.24466076
3.23641932
3.22822241
3.22006964
3.21196057
3.20389480
3.19587194
3.18789157
3.17995332
3.17205679
3.16420160
3.15638738
3.14861375
3.14088035
3.13318681
3.12553277
3.11791789
3.11034181
3.10280419
3.09530469
3.08784297
3.08041870
3.07303156
3.06568122
3.05836736
3.05108966
3.04384782
3.03664153
3.02947048
3.02233437
3.01523290
3.00816579
3.00113274
2.99413346
2.98716768
2.98023511
2.97333548
2.96646852
2.95963395
2.95283151
2.94606094
2.93932197
2.93261435
2.92593782
2.91929214
2.91267705
2.90609231
2.89953767
2.89301290
2.88651776
2.88005201
2.87361543
2.86720778
2.86082883
2.85447836
2.84815615
2.84186199
2.83559564
2.82935691
2.82314557
2.81696142
2.81080425
2.80467385
2.79857002
2.79249256
2.78644127
2.78041596
2.77441643
2.76844248
2.76249394
2.75657060
2.75067228
2.74479881
2.73894998
2.73312564
2.72732559
2.72154966
2.71579767
2.71006946
2.70436484
2.69868366
2.69302574
2.68739092
2.68177903
2.67618991
2.67062339
2.66507933
2.65955756
2.65405792
2.64858026
2.64312443
2.63769027
2.63227764
2.62688639
2.62151636
2.61616742
2.61083941
2.60553220
2.60024565
2.59497961
2.58973395
2.58450852
2.57930320
2.57411784
2.56895232
2.56380649
2.55868024
2.55357343
2.54848593
2.54341762
2.53836836
2.53333804
2.52832653
2.52333371
2.51835945
2.51340364
2.50846616
2.50354688
2.49864570
2.49376249
2.48889714
2.48404954
2.47921958
2.47440713
2.46961210
2.46483437
2.46007384
2.45533039
2.45060392
2.44589432
2.44120149
2.43652532
2.43186572
2.42722258
2.42259579
2.41798526
2.41339089
2.40881258
2.40425024
2.39970375
2.39517304
2.39065800
2.38615854
2.38167457
2.37720599
2.37275271
2.36831465
2.36389170
2.35948379
2.35509081
2.35071270
2.34634934
2.34200067
2.33766659
2.33334702
2.32904188
2.32475108
2.32047453
2.31621216
2.31196389
2.30772963
2.30350930
2.29930282
2.29511012
2.29093112
2.28676573
2.28261389
2.27847551
2.27435052
2.27023884
2.26614040
2.26205513
2.25798295
2.25392379
2.24987758
2.24584424
2.24182371
2.23781591
2.23382078
2.22983824
2.22586823
2.22191067
2.21796551
2.21403267
2.21011208
2.20620368
2.20230741
2.19842320
2.19455098
2.19069070
2.18684228
2.18300566
2.17918079
2.17536759
2.17156601
2.16777599
2.16399746
2.16023037
2.15647465
2.15273025
2.14899710
2.14527516
2.14156435
2.13786463
2.13417593
2.13049820
2.12683139
2.12317543
2.11953027
2.11589585
2.11227213
2.10865905
2.10505654
2.10146457
2.09788308
2.09431200
2.09075130
2.08720092
2.08366081
2.08013091
2.07661118
2.07310157
2.06960202
2.06611248
2.06263292
2.05916327
2.05570348
2.05225352
2.04881333
2.04538287
2.04196208
2.03855093
2.03514935
2.03175732
2.02837477
2.02500168
2.02163798
2.01828364
2.01493860
2.01160284
2.00827630
2.00495893
2.00165070
1.99835156
1.99506148
1.99178039
1.98850827
1.98524508
1.98199076
1.97874528
1.97550860
1.97228068
1.96906147
1.96585094
1.96264905
1.95945575
1.95627100
1.95309478
1.94992703
1.94676772
1.94361681
1.94047427
1.93734004
1.93421411
1.93109643
1.92798696
1.92488566
1.92179250
1.91870745
1.91563046
1.91256150
1.90950053
1.90644752
1.90340244
1.90036524
1.89733590
1.89431437
1.89130063
1.88829464
1.88529637
1.88230578
1.87932283
1.87634750
1.87337976
1.87041956
1.86746688
1.86452169
1.86158394
1.85865362
1.85573068
1.85281510
1.84990684
1.84700588
1.84411218
1.84122571
1.83834645
1.83547435
1.83260939
1.82975154
1.82690077
1.82405706
1.82122036
1.81839065
1.81556791
1.81275210
1.80994319
1.80714116
1.80434597
1.80155760
1.79877603
1.79600121
1.79323313
1.79047176
1.78771706
1.78496902
1.78222760
1.77949278
1.77676453
1.77404283
1.77132764
1.76861895
1.76591672
1.76322093
1.76053155
1.75784856
1.75517193
1.75250164
1.74983766
1.74717996
1.74452853
1.74188333
1.73924434
1.73661155
1.73398491
1.73136441
1.72875003
1.72614173
1.72353950
1.72094332
1.71835315
1.71576898
1.71319078
1.71061853
1.70805221
1.70549179
1.70293725
1.70038857
1.69784572
1.69530868
1.69277744
1.69025196
1.68773223
1.68521823
1.68270992
1.68020730
1.67771034
1.67521901
1.67273330
1.67025319
1.66777865
1.66530967
1.66284621
1.66038827
1.65793583
1.65548885
1.65304732
1.65061122
1.64818053
1.64575524
1.64333531
1.64092073
1.63851149
1.63610755
1.63370891
1.63131554
1.62892742
1.62654454
1.62416687
1.62179439
1.61942709
1.61706495
1.61470795
1.61235607
1.61000930
1.60766760
1.60533097
1.60299939
1.60067284
1.59835130
1.59603476
1.59372319
1.59141657
1.58911490
1.58681815
1.58452631
1.58223935
1.57995727
1.57768004
1.57540764
1.57314007
1.57087730
1.56861931
1.56636610
1.56411763
1.56187391
1.55963490
1.55740059
1.55517098
1.55294603
1.55072574
1.54851008
1.54629905
1.54409263
1.54189080
1.53969354
1.53750084
1.53531269
1.53312907
1.53094995
1.52877534
1.52660521
1.52443955
1.52227834
1.52012157
1.51796922
1.51582127
1.51367772
1.51153855
1.50940374
1.50727329
1.50514716
1.50302536
1.50090786
1.49879465
1.49668572
1.49458106
1.49248064
1.49038446
1.48829249
1.48620474
1.48412118
1.48204180
1.47996658
1.47789552
1.47582860
1.47376580
1.47170711
1.46965253
1.46760202
1.46555559
1.46351322
1.46147490
1.45944061
1.45741033
1.45538407
1.45336180
1.45134351
1.44932919
1.44731883
1.44531241
1.44330992
1.44131135
1.43931669
1.43732592
1.43533903
1.43335601
1.43137684
1.42940153
1.42743004
1.42546238
1.42349853
1.42153847
1.41958220
1.41762970
1.41568096
1.41373597
1.41179473
1.40985721
1.40792340
1.40599330
1.40406689
1.40214416
1.40022510
1.39830970
1.39639795
1.39448983
1.39258534
1.39068446
1.38878719
1.38689351
1.38500340
1.38311687
1.38123390
1.37935448
1.37747860
1.37560624
1.37373740
1.37187207
1.37001023
1.36815188
1.36629700
1.36444559
1.36259763
1.36075312
1.35891203
1.35707438
1.35524013
1.35340929
1.35158185
1.34975778
1.34793709
1.34611976
1.34430579
1.34249516
1.34068786
1.33888389
1.33708323
1.33528588
1.33349182
1.33170105
1.32991355
1.32812932
1.32634835
1.32457062
1.32279614
1.32102488
1.31925684
1.31749201
1.31573038
1.31397195
1.31221670
1.31046462
1.30871571
1.30696995
1.30522734
1.30348787
1.30175152
1.30001830
1.29828818
1.29656117
1.29483726
1.29311643
1.29139867
1.28968398
1.28797235
1.28626378
1.28455824
1.28285574
1.28115626
1.27945980
1.27776635
1.27607589
1.27438843
1.27270396
1.27102245
1.26934392
1.26766834
1.26599571
1.26432603
1.26265928
1.26099545
1.25933455
1.25767655
1.25602146
1.25436926
1.25271995
1.25107351
1.24942995
1.24778925
1.24615140
1.24451641
1.24288425
1.24125492
1.23962842
1.23800474
1.23638386
1.23476579
1.23315051
1.23153802
1.22992831
1.22832137
1.22671720
1.22511578
1.22351711
1.22192119
1.22032800
1.21873754
1.21714979
1.21556477
1.21398245
1.21240283
1.21082590
1.20925165
1.20768009
1.20611120
1.20454497
1.20298139
1.20142047
1.19986219
1.19830655
1.19675354
1.19520315
1.19365538
1.19211022
1.19056765
1.18902769
1.18749031
1.18595552
1.18442330
1.18289365
1.18136657
1.17984204
1.17832006
1.17680062
1.17528372
1.17376935
1.17225751
1.17074818
1.16924136
1.16773705
1.16623523
1.16473591
1.16323907
1.16174471
1.16025282
1.15876341
1.15727645
1.15579194
1.15430989
1.15283027
1.15135310
1.14987835
1.14840603
1.14693612
1.14546863
1.14400354
1.14254085
1.14108056
1.13962265
1.13816713
1.13671398
1.13526321
1.13381479
1.13236874
1.13092504
1.12948369
1.12804468
1.12660800
1.12517365
1.12374163
1.12231193
1.12088454
1.11945946
1.11803668
1.11661619
1.11519800
1.11378209
1.11236846
1.11095711
1.10954802
1.10814120
1.10673663
1.10533432
1.10393425
1.10253643
1.10114084
1.09974748
1.09835635
1.09696744
1.09558074
1.09419625
1.09281397
1.09143389
1.09005600
1.08868029
1.08730678
1.08593544
1.08456627
1.08319927
1.08183444
1.08047176
1.07911124
1.07775286
1.07639663
1.07504253
1.07369057
1.07234073
1.07099302
1.06964742
1.06830394
1.06696257
1.06562330
1.06428613
1.06295105
1.06161806
1.06028716
1.05895833
1.05763158
1.05630689
1.05498427
1.05366372
1.05234521
1.05102876
1.04971435
1.04840199
1.04709166
1.04578336
1.04447709
1.04317284
1.04187062
1.04057040
1.03927219
1.03797599
1.03668179
1.03538958
1.03409936
1.03281113
1.03152488
1.03024061
1.02895832
1.02767799
1.02639962
1.02512321
1.02384876
1.02257626
1.02130571
1.02003710
1.01877043
1.01750569
1.01624288
1.01498200
1.01372303
1.01246598
1.01121085
1.00995762
1.00870630
1.00745688
1.00620935
1.00496371
1.00371996
1.00247810
1.00123811
1.00000000