95000.00000000
1418.51304864
1002.53430658
818.15284578
708.18355099
633.09883324
577.64564173
534.52576460
499.75038061
470.93098116
446.53842215
425.54229716
407.21955256
391.04583519
376.63037710
363.67519614
351.94856166
341.26718210
331.48391701
322.47909627
314.15425840
306.42754951
299.23028637
292.50435066
286.20018696
280.27524567
274.69275870
269.42076684
264.43134000
259.69994663
255.20493969
250.92713461
246.84946037
242.95666911
239.23509312
235.67244029
232.25762099
228.98060089
225.83227519
222.80436075
219.88930307
217.08019591
214.37071139
211.75503918
209.22783330
206.78416541
204.41948379
202.12957710
199.91054230
197.75875625
195.67085035
193.64368805
191.67434463
189.76008918
187.89836837
186.08679185
184.32311914
182.60524773
180.93120232
179.29912514
177.70726706
176.15397955
174.63770737
173.15698191
171.71041501
170.29669344
168.91457376
167.56287760
166.24048735
164.94634222
163.67943451
162.43880630
161.22354630
160.03278700
158.86570193
157.72150329
156.59943956
155.49879346
154.41887991
153.35904420
152.31866033
151.29712933
150.29387785
149.30835672
148.34003966
147.38842210
146.45301999
145.53336877
144.62902238
143.73955230
142.86454666
142.00360946
141.15635976
140.32243096
139.50147010
138.69313725
137.89710484
137.11305715
136.34068970
135.57970881
134.82983105
134.09078281
133.36229987
132.64412700
131.93601753
131.23773302
130.54904290
129.86972413
129.19956090
128.53834433
127.88587217
127.24194854
126.60638368
125.97899372
125.35960040
124.74803089
124.14411759
123.54769787
122.95861395
122.37671267
121.80184533
121.23386754
120.67263904
120.11802354
119.56988861
119.02810552
118.49254911
117.96309766
117.43963276
116.92203924
116.41020499
115.90402092
115.40338081
114.90818124
114.41832147
113.93370338
113.45423138
112.97981228
112.51035530
112.04577190
111.58597576
111.13088271
110.68041064
110.23447944
109.79301096
109.35592891
108.92315884
108.49462807
108.07026562
107.65000219
107.23377007
106.82150314
106.41313679
106.00860788
105.60785471
105.21081695
104.81743564
104.42765312
104.04141302
103.65866018
103.27934066
102.90340169
102.53079164
102.16145996
101.79535721
101.43243498
101.07264587
100.71594348
100.36228237
100.01161804
99.66390690
99.31910626
98.97717427
98.63806996
98.30175314
97.96818447
97.63732534
97.30913793
96.98358516
96.66063066
96.34023878
96.02237454
95.70700363
95.39409242
95.08360790
94.77551766
94.46978994
94.16639354
93.86529786
93.56647284
93.26988899
92.97551736
92.68332952
92.39329754
92.10539402
91.81959202
91.53586510
91.25418728
90.97453305
90.69687731
90.42119545
90.14746324
89.87565689
89.60575302
89.33772864
89.07156116
88.80722836
88.54470841
88.28397984
88.02502152
87.76781269
87.51233294
87.25856217
87.00648063
86.75606888
86.50730780
86.26017857
86.01466269
85.77074193
85.52839838
85.28761439
85.04837260
84.81065591
84.57444750
84.33973081
84.10648952
83.87470759
83.64436920
83.41545879
83.18796102
82.96186079
82.73714324
82.51379371
82.29179777
82.07114121
81.85181003
81.63379042
81.41706878
81.20163173
80.98746606
80.77455876
80.56289700
80.35246816
80.14325977
79.93525955
79.72845540
79.52283538
79.31838773
79.11510084
78.91296329
78.71196378
78.51209120
78.31333457
78.11568309
77.91912606
77.72365299
77.52925347
77.33591726
77.14363428
76.95239454
76.76218821
76.57300559
76.38483710
76.19767330
76.01150487
75.82632259
75.64211740
75.45888032
75.27660251
75.09527524
74.91488989
74.73543795
74.55691102
74.37930080
74.20259912
74.02679787
73.85188909
73.67786489
73.50471748
73.33243917
73.16102238
72.99045961
72.82074344
72.65186658
72.48382179
72.31660193
72.15019996
71.98460890
71.81982189
71.65583212
71.49263287
71.33021751
71.16857948
71.00771230
70.84760957
70.68826496
70.52967222
70.37182516
70.21471768
70.05834374
69.90269737
69.74777268
69.59356383
69.44006506
69.28727067
69.13517504
68.98377258
68.83305779
68.68302523
68.53366952
68.38498533
68.23696740
68.08961053
67.94290956
67.79685942
67.65145505
67.50669149
67.36256382
67.21906715
67.07619668
66.93394763
66.79231530
66.65129503
66.51088219
66.37107222
66.23186062
66.09324292
65.95521468
65.81777156
65.68090921
65.54462335
65.40890976
65.27376424
65.13918263
65.00516085
64.87169481
64.73878052
64.60641397
64.47459124
64.34330844
64.21256169
64.08234718
63.95266114
63.82349981
63.69485951
63.56673655
63.43912731
63.31202819
63.18543565
63.05934614
62.93375620
62.80866236
62.68406120
62.55994934
62.43632342
62.31318013
62.19051618
62.06832832
61.94661331
61.82536797
61.70458913
61.58427367
61.46441848
61.34502048
61.22607664
61.10758395
60.98953940
60.87194006
60.75478299
60.63806529
60.52178408
60.40593651
60.29051977
60.17553105
60.06096760
59.94682666
59.83310553
59.71980149
59.60691189
59.49443409
59.38236545
59.27070339
59.15944533
59.04858873
58.93813105
58.82806979
58.71840247
58.60912664
58.50023985
58.39173970
58.28362377
58.17588971
58.06853517
57.96155780
57.85495530
57.74872538
57.64286577
57.53737421
57.43224849
57.32748638
57.22308569
57.11904426
57.01535991
56.91203053
56.80905399
56.70642819
56.60415105
56.50222050
56.40063450
56.29939102
56.19848805
56.09792359
55.99769566
55.89780230
55.79824156
55.69901152
55.60011027
55.50153589
55.40328652
55.30536029
55.20775535
55.11046985
55.01350199
54.91684995
54.82051194
54.72448619
54.62877093
54.53336443
54.43826493
54.34347074
54.24898013
54.15479141
54.06090292
53.96731298
53.87401994
53.78102216
53.68831802
53.59590591
53.50378421
53.41195136
53.32040577
53.22914587
53.13817013
53.04747700
52.95706495
52.86693247
52.77707805
52.68750022
52.59819748
52.50916836
52.42041142
52.33192521
52.24370828
52.15575922
52.06807662
51.98065907
51.89350517
51.80661356
51.71998286
51.63361170
51.54749874
51.46164264
51.37604207
51.29069571
51.20560224
51.12076037
51.03616881
50.95182628
50.86773150
50.78388321
50.70028016
50.61692110
50.53380480
50.45093004
50.36829559
50.28590025
50.20374282
50.12182211
50.04013693
49.95868612
49.87746851
49.79648294
49.71572826
49.63520333
49.55490702
49.47483822
49.39499579
49.31537863
49.23598565
49.15681575
49.07786784
48.99914085
48.92063370
48.84234535
48.76427472
48.68642078
48.60878249
48.53135880
48.45414870
48.37715117
48.30036519
48.22378977
48.14742389
48.07126658
47.99531685
47.91957372
47.84403622
47.76870338
47.69357425
47.61864788
47.54392333
47.46939965
47.39507591
47.32095118
47.24702456
47.17329512
47.09976196
47.02642417
46.95328086
46.88033115
46.80757414
46.73500897
46.66263476
46.59045063
46.51845575
46.44664924
46.37503026
46.30359797
46.23235152
46.16129009
46.09041286
46.01971899
45.94920767
45.87887809
45.80872944
45.73876093
45.66897176
45.59936113
45.52992827
45.46067239
45.39159272
45.32268848
45.25395892
45.18540326
45.11702076
45.04881067
44.98077223
44.91290470
44.84520736
44.77767946
44.71032029
44.64312910
44.57610520
44.50924786
44.44255637
44.37603003
44.30966813
44.24346999
44.17743490
44.11156219
44.04585116
43.98030113
43.91491144
43.84968141
43.78461037
43.71969766
43.65494261
43.59034459
43.52590292
43.46161698
43.39748610
43.33350966
43.26968702
43.20601754
43.14250060
43.07913558
43.01592185
42.95285879
42.88994580
42.82718226
42.76456757
42.70210113
42.63978233
42.57761058
42.51558530
42.45370588
42.39197175
42.33038233
42.26893704
42.20763530
42.14647654
42.08546019
42.02458569
41.96385248
41.90326000
41.84280770
41.78249502
41.72232141
41.66228634
41.60238924
41.54262960
41.48300687
41.42352052
41.36417002
41.30495484
41.24587446
41.18692835
41.12811601
41.06943691
41.01089054
40.95247639
40.89419396
40.83604275
40.77802224
40.72013195
40.66237138
40.60474004
40.54723743
40.48986307
40.43261648
40.37549717
40.31850466
40.26163849
40.20489817
40.14828323
40.09179321
40.03542764
39.97918606
39.92306800
39.86707301
39.81120063
39.75545041
39.69982190
39.64431464
39.58892820
39.53366213
39.47851599
39.42348933
39.36858173
39.31379275
39.25912195
39.20456892
39.15013321
39.09581441
39.04161209
38.98752584
38.93355523
38.87969984
38.82595928
38.77233311
38.71882094
38.66542236
38.61213696
38.55896434
38.50590409
38.45295583
38.40011914
38.34739365
38.29477895
38.24227465
38.18988037
38.13759572
38.08542032
38.03335378
37.98139572
37.92954577
37.87780354
37.82616867
37.77464077
37.72321949
37.67190445
37.62069527
37.56959161
37.51859309
37.46769936
37.41691005
37.36622480
37.31564327
37.26516508
37.21478991
37.16451738
37.11434716
37.06427890
37.01431224
36.96444686
36.91468240
36.86501852
36.81545489
36.76599117
36.71662703
36.66736213
36.61819613
36.56912872
36.52015955
36.47128831
36.42251467
36.37383830
36.32525888
36.27677610
36.22838962
36.18009914
36.13190434
36.08380491
36.03580052
35.98789088
35.94007567
35.89235457
35.84472730
35.79719353
35.74975297
35.70240531
35.65515026
35.60798751
35.56091676
35.51393772
35.46705010
35.42025359
35.37354791
35.32693276
35.28040786
35.23397292
35.18762765
35.14137176
35.09520498
35.04912701
35.00313758
34.95723640
34.91142321
34.86569771
34.82005963
34.77450870
34.72904465
34.68366720
34.63837608
34.59317102
34.54805175
34.50301800
34.45806952
34.41320603
34.36842726
34.32373297
34.27912288
34.23459674
34.19015428
34.14579525
34.10151940
34.05732646
34.01321618
33.96918832
33.92524261
33.88137881
33.83759666
33.79389593
33.75027636
33.70673770
33.66327971
33.61990215
33.57660477
33.53338733
33.49024960
33.44719132
33.40421227
33.36131220
33.31849088
33.27574807
33.23308354
33.19049706
33.14798838
33.10555729
33.06320355
33.02092693
32.97872721
32.93660415
32.89455753
32.85258713
32.81069272
32.76887407
32.72713098
32.68546320
32.64387053
32.60235274
32.56090962
32.51954094
32.47824650
32.43702607
32.39587945
32.35480641
32.31380675
32.27288025
32.23202670
32.19124590
32.15053763
32.10990168
32.06933785
32.02884593
31.98842571
31.94807700
31.90779958
31.86759326
31.82745782
31.78739308
31.74739883
31.70747486
31.66762099
31.62783701
31.58812273
31.54847795
31.50890247
31.46939610
31.42995865
31.39058992
31.35128973
31.31205787
31.27289417
31.23379842
31.19477044
31.15581005
31.11691705
31.07809127
31.03933250
31.00064057
30.96201530
30.92345649
30.88496397
30.84653756
30.80817707
30.76988232
30.73165314
30.69348934
30.65539075
30.61735719
30.57938847
30.54148444
30.50364490
30.46586969
30.42815863
30.39051154
30.35292826
30.31540862
30.27795244
30.24055955
30.20322978
30.16596296
30.12875892
30.09161751
30.05453854
30.01752185
29.98056728
29.94367467
29.90684384
29.87007463
29.83336688
29.79672043
29.76013512
29.72361078
29.68714725
29.65074438
29.61440200
29.57811996
29.54189809
29.50573624
29.46963426
29.43359199
29.39760926
29.36168594
29.32582185
29.29001685
29.25427079
29.21858351
29.18295486
29.14738469
29.11187284
29.07641918
29.04102354
29.00568578
28.97040575
28.93518330
28.90001829
28.86491057
28.82985998
28.79486640
28.75992966
28.72504963
28.69022617
28.65545912
28.62074835
28.58609371
28.55149506
28.51695226
28.48246518
28.44803366
28.41365757
28.37933677
28.34507113
28.31086050
28.27670474
28.24260372
28.20855730
28.17456536
28.14062774
28.10674431
28.07291495
28.03913952
28.00541787
27.97174989
27.93813544
27.90457438
27.87106658
27.83761192
27.80421026
27.77086148
27.73756543
27.70432200
27.67113105
27.63799246
27.60490610
27.57187184
27.53888956
27.50595912
27.47308040
27.44025329
27.40747764
27.37475334
27.34208027
27.30945829
27.27688730
27.24436715
27.21189774
27.17947893
27.14711062
27.11479267
27.08252497
27.05030740
27.01813983
26.98602216
26.95395425
26.92193599
26.88996726
26.85804795
26.82617794
26.79435711
26.76258535
26.73086253
26.69918855
26.66756329
26.63598663
26.60445847
26.57297867
26.54154715
26.51016377
26.47882843
26.44754101
26.41630141
26.38510951
26.35396520
26.32286837
26.29181891
26.26081671
26.22986166
26.19895365
26.16809258
26.13727833
26.10651079
26.07578987
26.04511544
26.01448741
25.98390567
25.95337011
25.92288063
25.89243712
25.86203947
25.83168758
25.80138136
25.77112068
25.74090546
25.71073558
25.68061094
25.65053145
25.62049699
25.59050747
25.56056278
25.53066283
25.50080752
25.47099673
25.44123038
25.41150836
25.38183058
25.35219693
25.32260731
25.29306164
25.26355980
25.23410170
25.20468725
25.17531635
25.14598889
25.11670479
25.08746394
25.05826626
25.02911165
25.00000000