95000.00000000
16188.26209051
11441.49841159
9337.59186359
8082.82300077
7226.12631355
6593.44442102
6101.49579036
5704.76344800
5375.99201662
5097.73250193
4858.22707489
4649.22513163
4464.74344193
4300.32310932
4152.56400534
4018.82198526
3897.00563143
3785.43603517
3682.74774169
3587.81729868
3499.71075504
3417.64444243
3340.95524241
3269.07774162
3201.52646520
3137.88190607
3077.77942731
3020.90036445
2966.96483024
2915.72584969
2866.96454428
2820.48615041
2776.11670652
2733.70028008
2693.09663351
2654.17924905
2616.83364935
2580.95596263
2546.45169147
2513.23465198
2481.22605607
2450.35371468
2420.55134337
2391.75795534
2363.91732890
2336.97753904
2310.89054404
2285.61181973
2261.10003492
2237.31676280
2214.22622355
2191.79505429
2169.99210306
2148.78824379
2128.15620994
2108.07044450
2088.50696451
2069.44323850
2050.85807541
2032.73152369
2015.04477959
1997.78010352
1980.92074387
1964.45086728
1948.35549488
1932.62044388
1917.23227393
1902.17823786
1887.44623632
1873.02477607
1858.90293146
1845.07030880
1831.51701358
1818.23361996
1805.21114266
1792.44101074
1779.91504340
1767.62542735
1755.56469590
1743.72570939
1732.10163700
1720.68593973
1709.47235461
1698.45487983
1687.62776093
1676.98547781
1666.52273258
1656.23443822
1646.11570785
1636.16184475
1626.36833290
1616.73082818
1607.24514999
1597.90727346
1588.71332199
1579.65956040
1570.74238825
1561.95833371
1553.30404771
1544.77629836
1536.37196579
1528.08803715
1519.92160193
1511.86984758
1503.93005526
1496.09959586
1488.37592625
1480.75658567
1473.23919234
1465.82144023
1458.50109596
1451.27599592
1444.14404346
1437.10320626
1430.15151378
1423.28705491
1416.50797567
1409.81247700
1403.19881270
1396.66528748
1390.21025500
1383.83211611
1377.52931714
1371.30034818
1365.14374158
1359.05807039
1353.04194693
1347.09402143
1341.21298067
1335.39754675
1329.64647587
1323.95855714
1318.33261150
1312.76749062
1307.26207592
1301.81527753
1296.42603340
1291.09330835
1285.81609324
1280.59340409
1275.42428131
1270.30778891
1265.24301378
1260.22906495
1255.26507290
1250.35018893
1245.48358451
1240.66445063
1235.89199727
1231.16545280
1226.48406343
1221.84709268
1217.25382088
1212.70354470
1208.19557663
1203.72924456
1199.30389130
1194.91887422
1190.57356478
1186.26734815
1181.99962283
1177.76980030
1173.57730463
1169.42157214
1165.30205108
1161.21820131
1157.16949396
1153.15541116
1149.17544574
1145.22910092
1141.31589007
1137.43533644
1133.58697289
1129.77034163
1125.98499402
1122.23049032
1118.50639942
1114.81229870
1111.14777376
1107.51241822
1103.90583355
1100.32762886
1096.77742070
1093.25483288
1089.75949632
1086.29104886
1082.84913509
1079.43340619
1076.04351977
1072.67913975
1069.33993616
1066.02558504
1062.73576826
1059.47017344
1056.22849376
1053.01042787
1049.81567974
1046.64395858
1043.49497867
1040.36845928
1037.26412454
1034.18170335
1031.12092926
1028.08154038
1025.06327927
1022.06589283
1019.08913226
1016.13275288
1013.19651413
1010.28017942
1007.38351607
1004.50629524
1001.64829182
998.80928437
995.98905503
993.18738946
990.40407678
987.63890945
984.89168324
982.16219718
979.45025343
976.75565729
974.07821706
971.41774406
968.77405252
966.14695952
963.53628496
960.94185149
958.36348445
955.80101183
953.25426422
950.72307474
948.20727902
945.70671511
943.22122349
940.75064698
938.29483070
935.85362206
933.42687067
931.01442832
928.61614898
926.23188866
923.86150549
921.50485959
919.16181308
916.83223002
914.51597641
912.21292010
909.92293081
907.64588006
905.38164117
903.13008919
900.89110089
898.66455475
896.45033088
894.24831105
892.05837859
889.88041845
887.71431709
885.55996252
883.41724420
881.28605311
879.16628163
877.05782358
874.96057417
872.87442998
870.79928893
868.73505029
866.68161460
864.63888369
862.60676067
860.58514988
858.57395686
856.57308837
854.58245234
852.60195786
850.63151517
848.67103563
846.72043170
844.77961693
842.84850593
840.92701438
839.01505899
837.11255748
835.21942860
833.33559205
831.46096853
829.59547968
827.73904812
825.89159734
824.05305179
822.22333681
820.40237860
818.59010426
816.78644175
814.99131986
813.20466822
811.42641729
809.65649831
807.89484336
806.14138526
804.39605764
802.65879486
800.92953206
799.20820510
797.49475056
795.78910577
794.09120874
792.40099817
790.71841349
789.04339475
787.37588271
785.71581878
784.06314500
782.41780407
780.77973930
779.14889464
777.52521464
775.90864447
774.29912987
772.69661718
771.10105333
769.51238581
767.93056266
766.35553250
764.78724449
763.22564831
761.67069419
760.12233290
758.58051570
757.04519437
755.51632121
753.99384899
752.47773100
750.96792099
749.46437320
747.96704234
746.47588359
744.99085257
743.51190538
742.03899855
740.57208905
739.11113430
737.65609213
736.20692080
734.76357901
733.32602585
731.89422082
730.46812382
729.04769517
727.63289556
726.22368607
724.82002817
723.42188371
722.02921491
720.64198434
719.26015496
717.88369008
716.51255336
715.14670882
713.78612080
712.43075403
711.08057353
709.73554467
708.39563316
707.06080502
705.73102660
704.40626456
703.08648588
701.77165785
700.46174806
699.15672440
697.85655508
696.56120857
695.27065366
693.98485941
692.70379518
691.42743060
690.15573559
688.88868032
687.62623527
686.36837114
685.11505893
683.86626990
682.62197556
681.38214767
680.14675826
678.91577959
677.68918418
676.46694479
675.24903443
674.03542634
672.82609399
671.62101111
670.42015162
669.22348970
668.03099974
666.84265637
665.65843441
664.47830894
663.30225522
662.13024873
660.96226518
659.79828047
658.63827070
657.48221220
656.33008148
655.18185526
654.03751044
652.89702415
651.76037367
650.62753650
649.49849033
648.37321302
647.25168261
646.13387736
645.01977567
643.90935614
642.80259754
641.69947881
640.59997909
639.50407765
638.41175396
637.32298765
636.23775851
635.15604651
634.07783176
633.00309454
631.93181531
630.86397465
629.79955332
628.73853223
627.68089244
626.62661517
625.57568177
624.52807377
623.48377281
622.44276069
621.40501937
620.37053092
619.33927758
618.31124172
617.28640583
616.26475257
615.24626470
614.23092514
613.21871693
612.20962324
611.20362737
610.20071276
609.20086297
608.20406167
607.21029268
606.21953993
605.23178748
604.24701950
603.26522028
602.28637425
601.31046592
600.33747995
599.36740111
598.40021426
597.43590441
596.47445664
595.51585618
594.56008834
593.60713856
592.65699238
591.70963544
590.76505350
589.82323240
588.88415811
587.94781669
587.01419431
586.08327722
585.15505180
584.22950451
583.30662190
582.38639063
581.46879747
580.55382925
579.64147293
578.73171554
577.82454420
576.91994615
576.01790869
575.11841922
574.22146524
573.32703433
572.43511416
571.54569247
570.65875711
569.77429601
568.89229717
568.01274869
567.13563875
566.26095560
565.38868759
564.51882313
563.65135073
562.78625897
561.92353651
561.06317209
560.20515451
559.34947267
558.49611554
557.64507216
556.79633164
555.94988317
555.10571602
554.26381953
553.42418310
552.58679621
551.75164841
550.91872932
550.08802863
549.25953610
548.43324156
547.60913489
546.78720606
545.96744511
545.14984211
544.33438724
543.52107071
542.70988282
541.90081391
541.09385441
540.28899478
539.48622557
538.68553739
537.88692089
537.09036679
536.29586589
535.50340902
534.71298709
533.92459105
533.13821193
532.35384080
531.57146880
530.79108711
530.01268699
529.23625973
528.46179669
527.68928928
526.91872898
526.15010729
525.38341580
524.61864614
523.85578997
523.09483904
522.33578512
521.57862005
520.82333573
520.06992407
519.31837708
518.56868678
517.82084526
517.07484466
516.33067716
515.58833499
514.84781043
514.10909580
513.37218348
512.63706589
511.90373549
511.17218479
510.44240637
509.71439280
508.98813675
508.26363091
507.54086800
506.81984082
506.10054218
505.38296495
504.66710205
503.95294641
503.24049104
502.52972896
501.82065327
501.11325707
500.40753352
499.70347582
499.00107722
498.30033099
497.60123045
496.90376896
496.20793992
495.51373675
494.82115295
494.13018201
493.44081749
492.75305298
492.06688210
491.38229851
490.69929591
490.01786804
489.33800867
488.65971160
487.98297068
487.30777979
486.63413283
485.96202376
485.29144656
484.62239525
483.95486387
483.28884651
482.62433729
481.96133036
481.29981991
480.63980015
479.98126533
479.32420973
478.66862767
478.01451350
477.36186158
476.71066634
476.06092221
475.41262366
474.76576520
474.12034136
473.47634669
472.83377580
472.19262331
471.55288386
470.91455215
470.27762287
469.64209078
469.00795063
468.37519724
467.74382542
467.11383003
466.48520594
465.85794808
465.23205137
464.60751079
463.98432132
463.36247799
462.74197583
462.12280993
461.50497538
460.88846731
460.27328086
459.65941122
459.04685359
458.43560320
457.82565530
457.21700517
456.60964812
456.00357948
455.39879459
454.79528884
454.19305763
453.59209639
452.99240056
452.39396563
451.79678710
451.20086047
450.60618131
450.01274517
449.42054766
448.82958438
448.23985097
447.65134309
447.06405643
446.47798669
445.89312960
445.30948090
444.72703637
444.14579179
443.56574299
442.98688580
442.40921608
441.83272969
441.25742255
440.68329057
440.11032970
439.53853588
438.96790512
438.39843339
437.83011674
437.26295120
436.69693283
436.13205772
435.56832196
435.00572167
434.44425301
433.88391212
433.32469519
432.76659841
432.20961800
431.65375019
431.09899125
430.54533744
429.99278505
429.44133039
428.89096979
428.34169960
427.79351618
427.24641591
426.70039519
426.15545043
425.61157808
425.06877458
424.52703640
423.98636003
423.44674196
422.90817874
422.37066687
421.83420293
421.29878348
420.76440512
420.23106443
419.69875804
419.16748259
418.63723474
418.10801113
417.57980847
417.05262346
416.52645279
416.00129322
415.47714148
414.95399434
414.43184857
413.91070096
413.39054833
412.87138750
412.35321530
411.83602859
411.31982424
410.80459912
410.29035014
409.77707420
409.26476823
408.75342917
408.24305398
407.73363962
407.22518307
406.71768134
406.21113143
405.70553037
405.20087520
404.69716296
404.19439072
403.69255556
403.19165458
402.69168487
402.19264356
401.69452778
401.19733468
400.70106140
400.20570513
399.71126305
399.21773234
398.72511024
398.23339394
397.74258070
397.25266775
396.76365235
396.27553179
395.78830333
395.30196428
394.81651195
394.33194366
393.84825673
393.36544852
392.88351637
392.40245766
391.92226977
391.44295009
390.96449602
390.48690498
390.01017438
389.53430168
389.05928431
388.58511974
388.11180543
387.63933888
387.16771757
386.69693900
386.22700070
385.75790019
385.28963500
384.82220268
384.35560079
383.88982690
383.42487859
382.96075345
382.49744908
382.03496308
381.57329309
381.11243672
380.65239163
380.19315546
379.73472588
379.27710055
378.82027716
378.36425340
377.90902698
377.45459560
377.00095698
376.54810885
376.09604896
375.64477506
375.19428490
374.74457626
374.29564690
373.84749463
373.40011723
372.95351251
372.50767830
372.06261241
371.61831267
371.17477694
370.73200306
370.28998889
369.84873231
369.40823119
368.96848342
368.52948689
368.09123952
367.65373922
367.21698390
366.78097150
366.34569997
365.91116723
365.47737127
365.04431003
364.61198150
364.18038365
363.74951447
363.31937197
362.88995414
362.46125901
362.03328460
361.60602893
361.17949005
360.75366601
360.32855485
359.90415464
359.48046345
359.05747936
358.63520045
358.21362482
357.79275058
357.37257582
356.95309866
356.53431724
356.11622968
355.69883412
355.28212870
354.86611159
354.45078094
354.03613492
353.62217170
353.20888948
352.79628644
352.38436078
351.97311070
351.56253442
351.15263015
350.74339612
350.33483056
349.92693172
349.51969784
349.11312717
348.70721798
348.30196853
347.89737709
347.49344195
347.09016140
346.68753372
346.28555722
345.88423022
345.48355101
345.08351792
344.68412929
344.28538343
343.88727870
343.48981344
343.09298600
342.69679474
342.30123803
341.90631424
341.51202174
341.11835893
340.72532418
340.33291591
339.94113250
339.54997237
339.15943394
338.76951562
338.38021585
337.99153305
337.60346566
337.21601213
336.82917091
336.44294046
336.05731923
335.67230570
335.28789834
334.90409562
334.52089604
334.13829809
333.75630026
333.37490105
332.99409897
332.61389254
332.23428028
331.85526070
331.47683234
331.09899373
330.72174342
330.34507995
329.96900187
329.59350774
329.21859612
328.84426559
328.47051470
328.09734205
327.72474621
327.35272577
326.98127933
326.61040548
326.24010283
325.87036999
325.50120558
325.13260820
324.76457649
324.39710908
324.03020459
323.66386168
323.29807897
322.93285513
322.56818881
322.20407866
321.84052334
321.47752154
321.11507191
320.75317315
320.39182392
320.03102292
319.67076885
319.31106039
318.95189625
318.59327513
318.23519575
317.87765683
317.52065707
317.16419521
316.80826998
316.45288010
316.09802432
315.74370138
315.38991003
315.03664901
314.68391709
314.33171302
313.98003557
313.62888351
313.27825561
312.92815064
312.57856740
312.22950466
311.88096121
311.53293586
311.18542739
310.83843462
310.49195635
310.14599138
309.80053855
309.45559666
309.11116453
308.76724101
308.42382491
308.08091507
307.73851034
307.39660955
307.05521156
306.71431522
306.37391938
306.03402290
305.69462465
305.35572348
305.01731829
304.67940793
304.34199128
304.00506724
303.66863469
303.33269251
302.99723960
302.66227486
302.32779719
301.99380550
301.66029870
301.32727569
300.99473539
300.66267673
300.33109862
300.00000000