95000.00000000
567.40521946
401.01372263
327.26113831
283.27342040
253.23953330
231.05825669
213.81030584
199.90015224
188.37239247
178.61536886
170.21691887
162.88782102
156.41833408
150.65215084
145.47007846
140.77942466
136.50687284
132.59356680
128.99163851
125.66170336
122.57101981
119.69211455
117.00174027
114.48007478
112.11009827
109.87710348
107.76830674
105.77253600
103.87997865
102.08197587
100.37085385
98.73978415
97.18266764
95.69403725
94.26897612
92.90304840
91.59224035
90.33291008
89.12174430
87.95572123
86.83207836
85.74828455
84.70201567
83.69113332
82.71366616
81.76779352
80.85183084
79.96421692
79.10350250
78.26834014
77.45747522
76.66973785
75.90403567
75.15934735
74.43471674
73.72924766
73.04209909
72.37248093
71.71965006
71.08290682
70.46159182
69.85508295
69.26279276
68.68416600
68.11867738
67.56582950
67.02515104
66.49619494
65.97853689
65.47177380
64.97552252
64.48941852
64.01311480
63.54628077
63.08860131
62.63977582
62.19951738
61.76755196
61.34361768
60.92746413
60.51885173
60.11755114
59.72334269
59.33601586
58.95536884
58.58120799
58.21334751
57.85160895
57.49582092
57.14581866
56.80144378
56.46254390
56.12897238
55.80058804
55.47725490
55.15884194
54.84522286
54.53627588
54.23188352
53.93193242
53.63631312
53.34491995
53.05765080
52.77440701
52.49509321
52.21961716
51.94788965
51.67982436
51.41533773
51.15434887
50.89677942
50.64255347
50.39159749
50.14384016
49.89921236
49.65764703
49.41907915
49.18344558
48.95068507
48.72073813
48.49354702
48.26905561
48.04720942
47.82795545
47.61124221
47.39701964
47.18523906
46.97585310
46.76881569
46.56408200
46.36160837
46.16135233
45.96327250
45.76732859
45.57348135
45.38169255
45.19192491
45.00414212
44.81830876
44.63439030
44.45235308
44.27216426
44.09379178
43.91720438
43.74237156
43.56926354
43.39785123
43.22810625
43.06000087
42.89350803
42.72860126
42.56525472
42.40344315
42.24314188
42.08432678
41.92697425
41.77106125
41.61656521
41.46346407
41.31173626
41.16136068
41.01231665
40.86458398
40.71814289
40.57297399
40.42905835
40.28637739
40.14491295
40.00464722
39.86556276
39.72764250
39.59086971
39.45522798
39.32070126
39.18727379
39.05493014
38.92365517
38.79343406
38.66425226
38.53609551
38.40894981
38.28280145
38.15763697
38.03344316
37.91020707
37.78791598
37.66655742
37.54611914
37.42658914
37.30795560
37.19020694
37.07333181
36.95731902
36.84215761
36.72783681
36.61434604
36.50167491
36.38981322
36.27875093
36.16847818
36.05898529
35.95026275
35.84230121
35.73509146
35.62862446
35.52289134
35.41788336
35.31359193
35.21000861
35.10712508
35.00493318
34.90342487
34.80259225
34.70242755
34.60292312
34.50407143
34.40586507
34.30829677
34.21135935
34.11504576
34.01934904
33.92426236
33.82977900
33.73589232
33.64259581
33.54988304
33.45774768
33.36618352
33.27518441
33.18474432
33.09485730
33.00551748
32.91671911
32.82845649
32.74072401
32.65351617
32.56682751
32.48065269
32.39498642
32.30982350
32.22515880
32.14098726
32.05730391
31.97410382
31.89138216
31.80913415
31.72735509
31.64604034
31.56518531
31.48478551
31.40483648
31.32533383
31.24627323
31.16765043
31.08946119
31.01170139
30.93436691
30.85745371
30.78095781
30.70487528
30.62920224
30.55393484
30.47906932
30.40460195
30.33052904
30.25684696
30.18355213
30.11064100
30.03811010
29.96595596
29.89417518
29.82276441
29.75172032
29.68103965
29.61071915
29.54075564
29.47114595
29.40188699
29.33297567
29.26440895
29.19618384
29.12829738
29.06074663
28.99352871
28.92664077
28.86007998
28.79384356
28.72792876
28.66233285
28.59705315
28.53208700
28.46743179
28.40308492
28.33904383
28.27530598
28.21186889
28.14873006
28.08588707
28.02333750
27.96107895
27.89910907
27.83742553
27.77602602
27.71490827
27.65407001
27.59350903
27.53322312
27.47321009
27.41346781
27.35399413
27.29478696
27.23584421
27.17716383
27.11874377
27.06058202
27.00267660
26.94502553
26.88762686
26.83047867
26.77357905
26.71692612
26.66051801
26.60435287
26.54842889
26.49274425
26.43729717
26.38208587
26.32710862
26.27236368
26.21784934
26.16356390
26.10950569
26.05567305
26.00206434
25.94867793
25.89551221
25.84256559
25.78983650
25.73732337
25.68502468
25.63293887
25.58106446
25.52939993
25.47794380
25.42669462
25.37565092
25.32481128
25.27417426
25.22373846
25.17350248
25.12346494
25.07362448
25.02397973
24.97452937
24.92527205
24.87620647
24.82733133
24.77864532
24.73014719
24.68183565
24.63370947
24.58576739
24.53800819
24.49043066
24.44303358
24.39581576
24.34877603
24.30191320
24.25522611
24.20871363
24.16237460
24.11620791
24.07021242
24.02438704
23.97873067
23.93324221
23.88792060
23.84276476
23.79777363
23.75294618
23.70828136
23.66377813
23.61943549
23.57525242
23.53122792
23.48736099
23.44365066
23.40009594
23.35669588
23.31344951
23.27035589
23.22741407
23.18462312
23.14198212
23.09949015
23.05714631
23.01494969
22.97289940
22.93099455
22.88923428
22.84761770
22.80614397
22.76481221
22.72362160
22.68257128
22.64166042
22.60088820
22.56025380
22.51975641
22.47939522
22.43916943
22.39907826
22.35912092
22.31929662
22.27960461
22.24004411
22.20061436
22.16131461
22.12214412
22.08310214
22.04418794
22.00540079
21.96673998
21.92820478
21.88979448
21.85150837
21.81334577
21.77530597
21.73738829
21.69959205
21.66191657
21.62436117
21.58692519
21.54960797
21.51240886
21.47532721
21.43836236
21.40151369
21.36478054
21.32816231
21.29165835
21.25526805
21.21899080
21.18282598
21.14677299
21.11083122
21.07500009
21.03927899
21.00366735
20.96816457
20.93277008
20.89748331
20.86230369
20.82723065
20.79226363
20.75740207
20.72264542
20.68799314
20.65344468
20.61899950
20.58465706
20.55041683
20.51627828
20.48224090
20.44830415
20.41446753
20.38073051
20.34709260
20.31355328
20.28011206
20.24676844
20.21352192
20.18037201
20.14731824
20.11436010
20.08149713
20.04872884
20.01605477
19.98347445
19.95098740
19.91859317
19.88629130
19.85408133
19.82196281
19.78993529
19.75799831
19.72615145
19.69439426
19.66272630
19.63114713
19.59965634
19.56825348
19.53693814
19.50570989
19.47456831
19.44351300
19.41254352
19.38165948
19.35086047
19.32014608
19.28951591
19.25896956
19.22850663
19.19812674
19.16782949
19.13761449
19.10748135
19.07742970
19.04745915
19.01756933
18.98775986
18.95803036
18.92838047
18.89880982
18.86931805
18.83990478
18.81056967
18.78131235
18.75213246
18.72302966
18.69400359
18.66505390
18.63618025
18.60738230
18.57865969
18.55001210
18.52143919
18.49294061
18.46451604
18.43616514
18.40788759
18.37968307
18.35155123
18.32349178
18.29550437
18.26758870
18.23974445
18.21197131
18.18426896
18.15663709
18.12907539
18.10158357
18.07416130
18.04680830
18.01952427
17.99230889
17.96516188
17.93808294
17.91107179
17.88412811
17.85725164
17.83044208
17.80369914
17.77702255
17.75041201
17.72386725
17.69738800
17.67097396
17.64462487
17.61834046
17.59212045
17.56596458
17.53987256
17.51384415
17.48787906
17.46197705
17.43613783
17.41036117
17.38464679
17.35899444
17.33340386
17.30787481
17.28240702
17.25700024
17.23165423
17.20636874
17.18114352
17.15597832
17.13087290
17.10582703
17.08084045
17.05591293
17.03104423
17.00623412
16.98148235
16.95678870
16.93215293
16.90757482
16.88305412
16.85859061
16.83418408
16.80983428
16.78554099
16.76130400
16.73712308
16.71299801
16.68892856
16.66491453
16.64095570
16.61705184
16.59320275
16.56940821
16.54566801
16.52198194
16.49834978
16.47477134
16.45124640
16.42777476
16.40435622
16.38099056
16.35767759
16.33441710
16.31120890
16.28805278
16.26494855
16.24189601
16.21889497
16.19594523
16.17304659
16.15019887
16.12740187
16.10465540
16.08195927
16.05931329
16.03671728
16.01417106
15.99167442
15.96922720
15.94682920
15.92448025
15.90218016
15.87992876
15.85772586
15.83557128
15.81346485
15.79140639
15.76939573
15.74743269
15.72551710
15.70364878
15.68182757
15.66005328
15.63832576
15.61664484
15.59501033
15.57342209
15.55187994
15.53038371
15.50893325
15.48752838
15.46616894
15.44485478
15.42358573
15.40236164
15.38118233
15.36004766
15.33895746
15.31791158
15.29690986
15.27595215
15.25503829
15.23416813
15.21334151
15.19255829
15.17181831
15.15112142
15.13046747
15.10985631
15.08928780
15.06876178
15.04827811
15.02783664
15.00743724
14.98707974
14.96676402
14.94648992
14.92625731
14.90606603
14.88591596
14.86580695
14.84573886
14.82571156
14.80572490
14.78577874
14.76587296
14.74600741
14.72618196
14.70639647
14.68665081
14.66694485
14.64727845
14.62765149
14.60806382
14.58851532
14.56900587
14.54953532
14.53010355
14.51071044
14.49135585
14.47203966
14.45276174
14.43352196
14.41432021
14.39515635
14.37603027
14.35694183
14.33789092
14.31887741
14.29990119
14.28096213
14.26206010
14.24319500
14.22436670
14.20557509
14.18682004
14.16810144
14.14941916
14.13077311
14.11216315
14.09358917
14.07505106
14.05654871
14.03808199
14.01965080
14.00125503
13.98289456
13.96456928
13.94627908
13.92802385
13.90980348
13.89161786
13.87346688
13.85535043
13.83726841
13.81922070
13.80120720
13.78322781
13.76528241
13.74737091
13.72949319
13.71164915
13.69383869
13.67606171
13.65831810
13.64060776
13.62293058
13.60528647
13.58767533
13.57009704
13.55255152
13.53503867
13.51755837
13.50011054
13.48269508
13.46531188
13.44796086
13.43064191
13.41335493
13.39609984
13.37887653
13.36168491
13.34452488
13.32739635
13.31029923
13.29323342
13.27619882
13.25919535
13.24222292
13.22528142
13.20837077
13.19149088
13.17464166
13.15782301
13.14103485
13.12427709
13.10754963
13.09085239
13.07418528
13.05754821
13.04094110
13.02436385
13.00781638
12.99129860
12.97481043
12.95835178
12.94192257
12.92552270
12.90915210
12.89281068
12.87649836
12.86021505
12.84396067
12.82773514
12.81153837
12.79537029
12.77923080
12.76311983
12.74703730
12.73098313
12.71495723
12.69895953
12.68298994
12.66704840
12.65113480
12.63524909
12.61939118
12.60356099
12.58775844
12.57198346
12.55623597
12.54051589
12.52482315
12.50915767
12.49351937
12.47790818
12.46232402
12.44676682
12.43123651
12.41573300
12.40025623
12.38480612
12.36938260
12.35398559
12.33861502
12.32327083
12.30795293
12.29266126
12.27739574
12.26215630
12.24694287
12.23175539
12.21659377
12.20145796
12.18634787
12.17126345
12.15620462
12.14117131
12.12616345
12.11118097
12.09622382
12.08129191
12.06638518
12.05150357
12.03664700
12.02181542
12.00700874
11.99222691
11.97746987
11.96273753
11.94802985
11.93334675
11.91868817
11.90405405
11.88944431
11.87485890
11.86029775
11.84576080
11.83124798
11.81675924
11.80229450
11.78785371
11.77343680
11.75904371
11.74467437
11.73032874
11.71600674
11.70170832
11.68743340
11.67318194
11.65895387
11.64474914
11.63056767
11.61640942
11.60227431
11.58816230
11.57407332
11.56000732
11.54596423
11.53194399
11.51794656
11.50397186
11.49001985
11.47609047
11.46218365
11.44829934
11.43443748
11.42059802
11.40678091
11.39298607
11.37921346
11.36546303
11.35173471
11.33802845
11.32434420
11.31068190
11.29704149
11.28342292
11.26982614
11.25625109
11.24269773
11.22916598
11.21565581
11.20216715
11.18869996
11.17525417
11.16182975
11.14842663
11.13504477
11.12168410
11.10834459
11.09502617
11.08172880
11.06845242
11.05519699
11.04196244
11.02874874
11.01555582
11.00238365
10.98923216
10.97610131
10.96299106
10.94990134
10.93683211
10.92378332
10.91075492
10.89774686
10.88475910
10.87179157
10.85884425
10.84591707
10.83300999
10.82012296
10.80725593
10.79440886
10.78158170
10.76877440
10.75598691
10.74321918
10.73047118
10.71774285
10.70503414
10.69234501
10.67967542
10.66702532
10.65439465
10.64178339
10.62919147
10.61661886
10.60406551
10.59153137
10.57901640
10.56652056
10.55404380
10.54158608
10.52914735
10.51672756
10.50432668
10.49194466
10.47958146
10.46723703
10.45491133
10.44260432
10.43031595
10.41804618
10.40579496
10.39356227
10.38134804
10.36915225
10.35697485
10.34481579
10.33267503
10.32055254
10.30844827
10.29636218
10.28429423
10.27224438
10.26021258
10.24819880
10.23620299
10.22422511
10.21226513
10.20032301
10.18839869
10.17649215
10.16460335
10.15273223
10.14087877
10.12904293
10.11722465
10.10542392
10.09364068
10.08187490
10.07012654
10.05839556
10.04668192
10.03498558
10.02330650
10.01164466
10.00000000