95000.00000000
62751.60733175
44360.60313776
36210.90498662
31351.44462687
28034.32333707
25585.09081561
23681.05554812
22145.86010252
20873.90682506
19797.59454230
18871.37279169
18063.27962529
17350.13762252
16714.67494065
16143.72149612
15627.03586468
15156.51780718
14725.66503725
14329.18947146
13962.74042559
13622.70122844
13306.03729611
13010.18095434
12732.94294556
12472.44360895
12227.05876498
11995.37673013
11776.16385342
11568.33664763
11370.93907381
11183.12388940
11004.13722803
10833.30576916
10670.02599895
10513.75517092
10364.00365745
10220.32844596
10082.32758271
9949.63540526
9821.91843457
9698.87182155
9580.21626173
9465.69530681
9355.07301423
9248.13188555
9144.67105269
9044.50467756
8947.46053590
8853.37876104
8762.11072636
8673.51804895
8587.47169914
8503.85120281
8422.54392536
8343.44442756
8266.45388500
8191.47956369
8118.43434572
8047.23629923
7977.80828794
7910.07761614
7843.97570516
7779.43779827
7716.40269099
7654.81248436
7594.61235879
7535.75036655
7478.17724112
7421.84622175
7366.71289192
7312.73503030
7259.87247309
7208.08698690
7157.34215096
7107.60324808
7058.83716350
7011.01229101
6964.09844563
6918.06678252
6872.88972134
6828.54087585
6784.99498825
6742.22786777
6700.21633347
6658.93816059
6618.37203041
6578.49748331
6539.29487471
6500.74533381
6462.83072476
6425.53361031
6388.83721753
6352.72540558
6317.18263545
6282.19394135
6247.74490383
6213.82162432
6180.41070126
6147.49920739
6115.07466841
6083.12504275
6051.63870245
6020.60441508
5990.01132655
5959.84894493
5930.10712498
5900.77605363
5871.84623605
5843.30848253
5815.15389596
5787.37385997
5759.96002763
5732.90431068
5706.19886935
5679.83610259
5653.80863880
5628.10932702
5602.73122848
5577.66760856
5552.91192917
5528.45784139
5504.29917848
5480.42994924
5456.84433164
5433.53666666
5410.50145253
5387.73333913
5365.22712263
5342.97774042
5320.98026620
5299.22990529
5277.72199013
5256.45197600
5235.41543689
5214.60806149
5194.02564948
5173.66410780
5153.51944719
5133.58777882
5113.86531107
5094.34834638
5075.03327835
5055.91658879
5036.99484499
5018.26469709
4999.72287550
4981.36618841
4963.19151952
4945.19582564
4927.37613459
4909.72954302
4892.25321443
4874.94437714
4857.80032243
4840.81840272
4823.99602979
4807.33067306
4790.81985799
4774.46116447
4758.25222529
4742.19072464
4726.27439674
4710.50102439
4694.86843768
4679.37451269
4664.01717025
4648.79437471
4633.70413279
4618.74449247
4603.91354185
4589.20940815
4574.63025665
4560.17428969
4545.83974578
4531.62489856
4517.52805601
4503.54755950
4489.68178299
4475.92913220
4462.28804380
4448.75698465
4435.33445108
4422.01896812
4408.80908882
4395.70339358
4382.70048947
4369.79900959
4356.99761247
4344.29498142
4331.68982400
4319.18087139
4306.76687789
4294.44662034
4282.21889763
4270.08253015
4258.03635934
4246.07924719
4234.21007576
4222.42774677
4210.73118109
4199.11931838
4187.59111663
4176.14555176
4164.78161723
4153.49832366
4142.29469845
4131.16978542
4120.12264444
4109.15235110
4098.25799636
4087.43868624
4076.69354150
4066.02169729
4055.42230291
4044.89452147
4034.43752960
4024.05051720
4013.73268714
4003.48325501
3993.30144886
3983.18650893
3973.13768740
3963.15424819
3953.23546668
3943.38062951
3933.58903432
3923.85998958
3914.19281434
3904.58683803
3895.04140028
3885.55585068
3876.12954862
3866.76186310
3857.45217252
3848.19986452
3839.00433582
3829.86499199
3820.78124735
3811.75252476
3802.77825550
3793.85787906
3784.99084303
3776.17660294
3767.41462210
3758.70437147
3750.04532953
3741.43698212
3732.87882232
3724.37035031
3715.91107326
3707.50050518
3699.13816683
3690.82358557
3682.55629526
3674.33583613
3666.16175469
3658.03360361
3649.95094160
3641.91333333
3633.92034931
3625.97156578
3618.06656464
3610.20493333
3602.38626475
3594.61015716
3586.87621409
3579.18404424
3571.53326142
3563.92348445
3556.35433707
3548.82544786
3541.33645018
3533.88698206
3526.47668615
3519.10520963
3511.77220414
3504.47732570
3497.22023467
3490.00059564
3482.81807738
3475.67235278
3468.56309875
3461.48999623
3454.45273004
3447.45098888
3440.48446523
3433.55285532
3426.65585905
3419.79317996
3412.96452514
3406.16960518
3399.40813416
3392.67982954
3385.98441214
3379.32160608
3372.69113872
3366.09274064
3359.52614556
3352.99109032
3346.48731479
3340.01456190
3333.57257750
3327.16111040
3320.77991227
3314.42873764
3308.10734382
3301.81549088
3295.55294162
3289.31946149
3283.11481861
3276.93878367
3270.79112994
3264.67163323
3258.58007180
3252.51622640
3246.47988017
3240.47081867
3234.48882979
3228.53370372
3222.60523298
3216.70321231
3210.82743868
3204.97771125
3199.15383135
3193.35560244
3187.58283007
3181.83532187
3176.11288752
3170.41533870
3164.74248910
3159.09415436
3153.47015205
3147.87030167
3142.29442458
3136.74234402
3131.21388505
3125.70887454
3120.22714114
3114.76851529
3109.33282913
3103.91991653
3098.52961308
3093.16175599
3087.81618416
3082.49273811
3077.19125994
3071.91159337
3066.65358366
3061.41707763
3056.20192363
3051.00797149
3045.83507255
3040.68307961
3035.55184691
3030.44123014
3025.35108639
3020.28127415
3015.23165327
3010.20208498
3005.19243186
3000.20255778
2995.23232796
2990.28160890
2985.35026836
2980.43817538
2975.54520025
2970.67121448
2965.81609080
2960.97970315
2956.16192664
2951.36263756
2946.58171337
2941.81903266
2937.07447516
2932.34792170
2927.63925424
2922.94835581
2918.27511052
2913.61940356
2908.98112115
2904.36015058
2899.75638013
2895.16969913
2890.59999790
2886.04716774
2881.51110095
2876.99169079
2872.48883148
2868.00241818
2863.53234701
2859.07851498
2854.64082004
2850.21916103
2845.81343770
2841.42355068
2837.04940145
2832.69089238
2828.34792670
2824.02040845
2819.70824254
2815.41133469
2811.12959144
2806.86292013
2802.61122891
2798.37442671
2794.15242324
2789.94512900
2785.75245523
2781.57431395
2777.41061790
2773.26128058
2769.12621621
2765.00533973
2760.89856682
2756.80581383
2752.72699785
2748.66203662
2744.61084859
2740.57335289
2736.54946931
2732.53911831
2728.54222101
2724.55869915
2720.58847515
2716.63147205
2712.68761351
2708.75682383
2704.83902791
2700.93415127
2697.04212002
2693.16286088
2689.29630116
2685.44236874
2681.60099209
2677.77210025
2673.95562283
2670.15148999
2666.35963246
2662.57998151
2658.81246894
2655.05702712
2651.31358892
2647.58208776
2643.86245758
2640.15463281
2636.45854843
2632.77413990
2629.10134319
2625.44009476
2621.79033157
2618.15199107
2614.52501117
2610.90933028
2607.30488727
2603.71162148
2600.12947272
2596.55838123
2592.99828775
2589.44913343
2585.91085988
2582.38340915
2578.86672373
2575.36074654
2571.86542091
2568.38069063
2564.90649987
2561.44279325
2557.98951578
2554.54661289
2551.11403040
2547.69171454
2544.27961194
2540.87766961
2537.48583496
2534.10405578
2530.73228024
2527.37045689
2524.01853466
2520.67646284
2517.34419109
2514.02166944
2510.70884828
2507.40567834
2504.11211074
2500.82809691
2497.55358866
2494.28853811
2491.03289776
2487.78662043
2484.54965925
2481.32196773
2478.10349968
2474.89420923
2471.69405084
2468.50297931
2465.32094973
2462.14791750
2458.98383837
2455.82866835
2452.68236380
2449.54488134
2446.41617793
2443.29621080
2440.18493748
2437.08231581
2433.98830390
2430.90286015
2427.82594325
2424.75751217
2421.69752617
2418.64594476
2415.60272775
2412.56783522
2409.54122750
2406.52286522
2403.51270924
2400.51072071
2397.51686103
2394.53109186
2391.55337511
2388.58367295
2385.62194781
2382.66816235
2379.72227949
2376.78426241
2373.85407449
2370.93167940
2368.01704103
2365.11012348
2362.21089114
2359.31930859
2356.43534065
2353.55895238
2350.69010906
2347.82877620
2344.97491952
2342.12850499
2339.28949877
2336.45786725
2333.63357704
2330.81659496
2328.00688805
2325.20442354
2322.40916889
2319.62109176
2316.84016003
2314.06634175
2311.29960520
2308.53991887
2305.78725141
2303.04157170
2300.30284881
2297.57105200
2294.84615072
2292.12811461
2289.41691351
2286.71251745
2284.01489663
2281.32402144
2278.63986247
2275.96239047
2273.29157638
2270.62739133
2267.96980660
2265.31879368
2262.67432422
2260.03637003
2257.40490311
2254.77989564
2252.16131993
2249.54914850
2246.94335402
2244.34390932
2241.75078740
2239.16396144
2236.58340474
2234.00909081
2231.44099328
2228.87908595
2226.32334279
2223.77373792
2221.23024560
2218.69284025
2216.16149646
2213.63618894
2211.11689258
2208.60358239
2206.09623356
2203.59482139
2201.09932136
2198.60970907
2196.12596026
2193.64805084
2191.17595684
2188.70965442
2186.24911991
2183.79432975
2181.34526053
2178.90188897
2176.46419192
2174.03214639
2171.60572948
2169.18491846
2166.76969072
2164.36002376
2161.95589523
2159.55728290
2157.16416468
2154.77651858
2152.39432276
2150.01755549
2147.64619516
2145.28022031
2142.91960956
2140.56434167
2138.21439554
2135.86975016
2133.53038464
2131.19627822
2128.86741026
2126.54376022
2124.22530767
2121.91203232
2119.60391397
2117.30093254
2115.00306806
2112.71030067
2110.42261063
2108.13997829
2105.86238412
2103.58980871
2101.32223272
2099.05963694
2096.80200228
2094.54930973
2092.30154039
2090.05867546
2087.82069625
2085.58758416
2083.35932072
2081.13588751
2078.91726627
2076.70343877
2074.49438695
2072.29009279
2070.09053839
2067.89570595
2065.70557776
2063.52013621
2061.33936376
2059.16324300
2056.99175659
2054.82488728
2052.66261793
2050.50493146
2048.35181092
2046.20323942
2044.05920016
2041.91967644
2039.78465166
2037.65410927
2035.52803283
2033.40640599
2031.28921248
2029.17643611
2027.06806078
2024.96407047
2022.86444925
2020.76918125
2018.67825073
2016.59164197
2014.50933938
2012.43132743
2010.35759066
2008.28811372
2006.22288131
2004.16187822
2002.10508932
2000.05249955
1998.00409392
1995.95985755
1993.91977560
1991.88383331
1989.85201601
1987.82430911
1985.80069805
1983.78116840
1981.76570577
1979.75429585
1977.74692439
1975.74357723
1973.74424028
1971.74889951
1969.75754095
1967.77015073
1965.78671503
1963.80722010
1961.83165226
1959.85999789
1957.89224345
1955.92837546
1953.96838052
1952.01224527
1950.05995644
1948.11150080
1946.16686522
1944.22603660
1942.28900193
1940.35574824
1938.42626265
1936.50053231
1934.57854447
1932.66028641
1930.74574549
1928.83490913
1926.92776480
1925.02430004
1923.12450244
1921.22835967
1919.33585944
1917.44698952
1915.56173776
1913.68009203
1911.80204030
1909.92757058
1908.05667092
1906.18932944
1904.32553434
1902.46527384
1900.60853623
1898.75530986
1896.90558313
1895.05934449
1893.21658247
1891.37728561
1889.54144255
1887.70904195
1885.88007254
1884.05452309
1882.23238244
1880.41363947
1878.59828311
1876.78630236
1874.97768624
1873.17242384
1871.37050431
1869.57191684
1867.77665066
1865.98469506
1864.19603939
1862.41067303
1860.62858541
1858.84976603
1857.07420441
1855.30189013
1853.53281284
1851.76696220
1850.00432793
1848.24489982
1846.48866767
1844.73562135
1842.98575076
1841.23904588
1839.49549668
1837.75509323
1836.01782562
1834.28368397
1832.55265847
1830.82473935
1829.09991687
1827.37818135
1825.65952313
1823.94393263
1822.23140028
1820.52191657
1818.81547202
1817.11205720
1815.41166273
1813.71427925
1812.01989747
1810.32850812
1808.64010196
1806.95466983
1805.27220258
1803.59269111
1801.91612635
1800.24249929
1798.57180093
1796.90402235
1795.23915463
1793.57718892
1791.91811638
1790.26192822
1788.60861570
1786.95817011
1785.31058278
1783.66584506
1782.02394837
1780.38488413
1778.74864383
1777.11521898
1775.48460112
1773.85678185
1772.23175279
1770.60950559
1768.99003195
1767.37332360
1765.75937230
1764.14816986
1762.53970810
1760.93397891
1759.33097417
1757.73068585
1756.13310589
1754.53822633
1752.94603918
1751.35653654
1749.76971051
1748.18555323
1746.60405688
1745.02521366
1743.44901581
1741.87545562
1740.30452538
1738.73621743
1737.17052415
1735.60743793
1734.04695121
1732.48905645
1730.93374616
1729.38101285
1727.83084909
1726.28324748
1724.73820062
1723.19570117
1721.65574181
1720.11831526
1718.58341425
1717.05103157
1715.52116000
1713.99379238
1712.46892158
1710.94654047
1709.42664199
1707.90921908
1706.39426471
1704.88177189
1703.37173366
1701.86414308
1700.35899323
1698.85627724
1697.35598826
1695.85811946
1694.36266403
1692.86961522
1691.37896627
1689.89071047
1688.40484114
1686.92135160
1685.44023523
1683.96148542
1682.48509558
1681.01105916
1679.53936963
1678.07002048
1676.60300525
1675.13831747
1673.67595072
1672.21589860
1670.75815474
1669.30271279
1667.84956642
1666.39870933
1664.95013524
1663.50383792
1662.05981113
1660.61804867
1659.17854437
1657.74129208
1656.30628566
1654.87351901
1653.44298606
1652.01468074
1650.58859703
1649.16472892
1647.74307042
1646.32361557
1644.90635843
1643.49129308
1642.07841364
1640.66771423
1639.25918900
1637.85283214
1636.44863783
1635.04660030
1633.64671379
1632.24897257
1630.85337092
1629.45990316
1628.06856361
1626.67934662
1625.29224657
1623.90725786
1622.52437489
1621.14359212
1619.76490400
1618.38830501
1617.01378964
1615.64135244
1614.27098793
1612.90269068
1611.53645527
1610.17227632
1608.81014844
1607.45006629
1606.09202452
1604.73601783
1603.38204092
1602.03008851
1600.68015535
1599.33223621
1597.98632587
1596.64241913
1595.30051083
1593.96059580
1592.62266890
1591.28672502
1589.95275905
1588.62076593
1587.29074058
1585.96267796
1584.63657304
1583.31242084
1581.99021634
1580.66995460
1579.35163065
1578.03523956
1576.72077642
1575.40823634
1574.09761444
1572.78890585
1571.48210574
1570.17720928
1568.87421166
1567.57310809
1566.27389381
1564.97656405
1563.68111408
1562.38753919
1561.09583466
1559.80599581
1558.51801798
1557.23189651
1555.94762677
1554.66520413
1553.38462401
1552.10588180
1550.82897295
1549.55389290
1548.28063712
1547.00920108
1545.73958029
1544.47177025
1543.20576650
1541.94156458
1540.67916005
1539.41854849
1538.15972549
1536.90268666
1535.64742762
1534.39394402
1533.14223150
1531.89228575
1530.64410243
1529.39767726
1528.15300595
1526.91008423
1525.66890785
1524.42947257
1523.19177416
1521.95580842
1520.72157116
1519.48905818
1518.25826534
1517.02918847
1515.80182344
1514.57616614
1513.35221245
1512.12995828
1510.90939955
1509.69053220
1508.47335218
1507.25785546
1506.04403800
1504.83189581
1503.62142489
1502.41262125
1501.20548094
1500.00000000