0.14000000
0.14076076
0.14152152
0.14228228
0.14304304
0.14380380
0.14456456
0.14532533
0.14608609
0.14684685
0.14760761
0.14836837
0.14912913
0.14988989
0.15065065
0.15141141
0.15217217
0.15293293
0.15369369
0.15445445
0.15521522
0.15597598
0.15673674
0.15749750
0.15825826
0.15901902
0.15977978
0.16054054
0.16130130
0.16206206
0.16282282
0.16358358
0.16434434
0.16510511
0.16586587
0.16662663
0.16738739
0.16814815
0.16890891
0.16966967
0.17043043
0.17119119
0.17195195
0.17271271
0.17347347
0.17423423
0.17499499
0.17575576
0.17651652
0.17727728
0.17803804
0.17879880
0.17955956
0.18032032
0.18108108
0.18184184
0.18260260
0.18336336
0.18412412
0.18488488
0.18564565
0.18640641
0.18716717
0.18792793
0.18868869
0.18944945
0.19021021
0.19097097
0.19173173
0.19249249
0.19325325
0.19401401
0.19477477
0.19553554
0.19629630
0.19705706
0.19781782
0.19857858
0.19933934
0.20010010
0.20086086
0.20162162
0.20238238
0.20314314
0.20390390
0.20466466
0.20542543
0.20618619
0.20694695
0.20770771
0.20846847
0.20922923
0.20998999
0.21075075
0.21151151
0.21227227
0.21303303
0.21379379
0.21455455
0.21531532
0.21607608
0.21683684
0.21759760
0.21835836
0.21911912
0.21987988
0.22064064
0.22140140
0.22216216
0.22292292
0.22368368
0.22444444
0.22520521
0.22596597
0.22672673
0.22748749
0.22824825
0.22900901
0.22976977
0.23053053
0.23129129
0.23205205
0.23281281
0.23357357
0.23433433
0.23509510
0.23585586
0.23661662
0.23737738
0.23813814
0.23889890
0.23965966
0.24042042
0.24118118
0.24194194
0.24270270
0.24346346
0.24422422
0.24498498
0.24574575
0.24650651
0.24726727
0.24802803
0.24878879
0.24954955
0.25031031
0.25107107
0.25183183
0.25259259
0.25335335
0.25411411
0.25487487
0.25563564
0.25639640
0.25715716
0.25791792
0.25867868
0.25943944
0.26020020
0.26096096
0.26172172
0.26248248
0.26324324
0.26400400
0.26476476
0.26552553
0.26628629
0.26704705
0.26780781
0.26856857
0.26932933
0.27009009
0.27085085
0.27161161
0.27237237
0.27313313
0.27389389
0.27465465
0.27541542
0.27617618
0.27693694
0.27769770
0.27845846
0.27921922
0.27997998
0.28074074
0.28150150
0.28226226
0.28302302
0.28378378
0.28454454
0.28530531
0.28606607
0.28682683
0.28758759
0.28834835
0.28910911
0.28986987
0.29063063
0.29139139
0.29215215
0.29291291
0.29367367
0.29443443
0.29519520
0.29595596
0.29671672
0.29747748
0.29823824
0.29899900
0.29975976
0.30052052
0.30128128
0.30204204
0.30280280
0.30356356
0.30432432
0.30508509
0.30584585
0.30660661
0.30736737
0.30812813
0.30888889
0.30964965
0.31041041
0.31117117
0.31193193
0.31269269
0.31345345
0.31421421
0.31497497
0.31573574
0.31649650
0.31725726
0.31801802
0.31877878
0.31953954
0.32030030
0.32106106
0.32182182
0.32258258
0.32334334
0.32410410
0.32486486
0.32562563
0.32638639
0.32714715
0.32790791
0.32866867
0.32942943
0.33019019
0.33095095
0.33171171
0.33247247
0.33323323
0.33399399
0.33475475
0.33551552
0.33627628
0.33703704
0.33779780
0.33855856
0.33931932
0.34008008
0.34084084
0.34160160
0.34236236
0.34312312
0.34388388
0.34464464
0.34540541
0.34616617
0.34692693
0.34768769
0.34844845
0.34920921
0.34996997
0.35073073
0.35149149
0.35225225
0.35301301
0.35377377
0.35453453
0.35529530
0.35605606
0.35681682
0.35757758
0.35833834
0.35909910
0.35985986
0.36062062
0.36138138
0.36214214
0.36290290
0.36366366
0.36442442
0.36518519
0.36594595
0.36670671
0.36746747
0.36822823
0.36898899
0.36974975
0.37051051
0.37127127
0.37203203
0.37279279
0.37355355
0.37431431
0.37507508
0.37583584
0.37659660
0.37735736
0.37811812
0.37887888
0.37963964
0.38040040
0.38116116
0.38192192
0.38268268
0.38344344
0.38420420
0.38496496
0.38572573
0.38648649
0.38724725
0.38800801
0.38876877
0.38952953
0.39029029
0.39105105
0.39181181
0.39257257
0.39333333
0.39409409
0.39485485
0.39561562
0.39637638
0.39713714
0.39789790
0.39865866
0.39941942
0.40018018
0.40094094
0.40170170
0.40246246
0.40322322
0.40398398
0.40474474
0.40550551
0.40626627
0.40702703
0.40778779
0.40854855
0.40930931
0.41007007
0.41083083
0.41159159
0.41235235
0.41311311
0.41387387
0.41463463
0.41539540
0.41615616
0.41691692
0.41767768
0.41843844
0.41919920
0.41995996
0.42072072
0.42148148
0.42224224
0.42300300
0.42376376
0.42452452
0.42528529
0.42604605
0.42680681
0.42756757
0.42832833
0.42908909
0.42984985
0.43061061
0.43137137
0.43213213
0.43289289
0.43365365
0.43441441
0.43517518
0.43593594
0.43669670
0.43745746
0.43821822
0.43897898
0.43973974
0.44050050
0.44126126
0.44202202
0.44278278
0.44354354
0.44430430
0.44506507
0.44582583
0.44658659
0.44734735
0.44810811
0.44886887
0.44962963
0.45039039
0.45115115
0.45191191
0.45267267
0.45343343
0.45419419
0.45495495
0.45571572
0.45647648
0.45723724
0.45799800
0.45875876
0.45951952
0.46028028
0.46104104
0.46180180
0.46256256
0.46332332
0.46408408
0.46484484
0.46560561
0.46636637
0.46712713
0.46788789
0.46864865
0.46940941
0.47017017
0.47093093
0.47169169
0.47245245
0.47321321
0.47397397
0.47473473
0.47549550
0.47625626
0.47701702
0.47777778
0.47853854
0.47929930
0.48006006
0.48082082
0.48158158
0.48234234
0.48310310
0.48386386
0.48462462
0.48538539
0.48614615
0.48690691
0.48766767
0.48842843
0.48918919
0.48994995
0.49071071
0.49147147
0.49223223
0.49299299
0.49375375
0.49451451
0.49527528
0.49603604
0.49679680
0.49755756
0.49831832
0.49907908
0.49983984
0.50060060
0.50136136
0.50212212
0.50288288
0.50364364
0.50440440
0.50516517
0.50592593
0.50668669
0.50744745
0.50820821
0.50896897
0.50972973
0.51049049
0.51125125
0.51201201
0.51277277
0.51353353
0.51429429
0.51505506
0.51581582
0.51657658
0.51733734
0.51809810
0.51885886
0.51961962
0.52038038
0.52114114
0.52190190
0.52266266
0.52342342
0.52418418
0.52494494
0.52570571
0.52646647
0.52722723
0.52798799
0.52874875
0.52950951
0.53027027
0.53103103
0.53179179
0.53255255
0.53331331
0.53407407
0.53483483
0.53559560
0.53635636
0.53711712
0.53787788
0.53863864
0.53939940
0.54016016
0.54092092
0.54168168
0.54244244
0.54320320
0.54396396
0.54472472
0.54548549
0.54624625
0.54700701
0.54776777
0.54852853
0.54928929
0.55005005
0.55081081
0.55157157
0.55233233
0.55309309
0.55385385
0.55461461
0.55537538
0.55613614
0.55689690
0.55765766
0.55841842
0.55917918
0.55993994
0.56070070
0.56146146
0.56222222
0.56298298
0.56374374
0.56450450
0.56526527
0.56602603
0.56678679
0.56754755
0.56830831
0.56906907
0.56982983
0.57059059
0.57135135
0.57211211
0.57287287
0.57363363
0.57439439
0.57515516
0.57591592
0.57667668
0.57743744
0.57819820
0.57895896
0.57971972
0.58048048
0.58124124
0.58200200
0.58276276
0.58352352
0.58428428
0.58504505
0.58580581
0.58656657
0.58732733
0.58808809
0.58884885
0.58960961
0.59037037
0.59113113
0.59189189
0.59265265
0.59341341
0.59417417
0.59493493
0.59569570
0.59645646
0.59721722
0.59797798
0.59873874
0.59949950
0.60026026
0.60102102
0.60178178
0.60254254
0.60330330
0.60406406
0.60482482
0.60558559
0.60634635
0.60710711
0.60786787
0.60862863
0.60938939
0.61015015
0.61091091
0.61167167
0.61243243
0.61319319
0.61395395
0.61471471
0.61547548
0.61623624
0.61699700
0.61775776
0.61851852
0.61927928
0.62004004
0.62080080
0.62156156
0.62232232
0.62308308
0.62384384
0.62460460
0.62536537
0.62612613
0.62688689
0.62764765
0.62840841
0.62916917
0.62992993
0.63069069
0.63145145
0.63221221
0.63297297
0.63373373
0.63449449
0.63525526
0.63601602
0.63677678
0.63753754
0.63829830
0.63905906
0.63981982
0.64058058
0.64134134
0.64210210
0.64286286
0.64362362
0.64438438
0.64514515
0.64590591
0.64666667
0.64742743
0.64818819
0.64894895
0.64970971
0.65047047
0.65123123
0.65199199
0.65275275
0.65351351
0.65427427
0.65503504
0.65579580
0.65655656
0.65731732
0.65807808
0.65883884
0.65959960
0.66036036
0.66112112
0.66188188
0.66264264
0.66340340
0.66416416
0.66492492
0.66568569
0.66644645
0.66720721
0.66796797
0.66872873
0.66948949
0.67025025
0.67101101
0.67177177
0.67253253
0.67329329
0.67405405
0.67481481
0.67557558
0.67633634
0.67709710
0.67785786
0.67861862
0.67937938
0.68014014
0.68090090
0.68166166
0.68242242
0.68318318
0.68394394
0.68470470
0.68546547
0.68622623
0.68698699
0.68774775
0.68850851
0.68926927
0.69003003
0.69079079
0.69155155
0.69231231
0.69307307
0.69383383
0.69459459
0.69535536
0.69611612
0.69687688
0.69763764
0.69839840
0.69915916
0.69991992
0.70068068
0.70144144
0.70220220
0.70296296
0.70372372
0.70448448
0.70524525
0.70600601
0.70676677
0.70752753
0.70828829
0.70904905
0.70980981
0.71057057
0.71133133
0.71209209
0.71285285
0.71361361
0.71437437
0.71513514
0.71589590
0.71665666
0.71741742
0.71817818
0.71893894
0.71969970
0.72046046
0.72122122
0.72198198
0.72274274
0.72350350
0.72426426
0.72502503
0.72578579
0.72654655
0.72730731
0.72806807
0.72882883
0.72958959
0.73035035
0.73111111
0.73187187
0.73263263
0.73339339
0.73415415
0.73491491
0.73567568
0.73643644
0.73719720
0.73795796
0.73871872
0.73947948
0.74024024
0.74100100
0.74176176
0.74252252
0.74328328
0.74404404
0.74480480
0.74556557
0.74632633
0.74708709
0.74784785
0.74860861
0.74936937
0.75013013
0.75089089
0.75165165
0.75241241
0.75317317
0.75393393
0.75469469
0.75545546
0.75621622
0.75697698
0.75773774
0.75849850
0.75925926
0.76002002
0.76078078
0.76154154
0.76230230
0.76306306
0.76382382
0.76458458
0.76534535
0.76610611
0.76686687
0.76762763
0.76838839
0.76914915
0.76990991
0.77067067
0.77143143
0.77219219
0.77295295
0.77371371
0.77447447
0.77523524
0.77599600
0.77675676
0.77751752
0.77827828
0.77903904
0.77979980
0.78056056
0.78132132
0.78208208
0.78284284
0.78360360
0.78436436
0.78512513
0.78588589
0.78664665
0.78740741
0.78816817
0.78892893
0.78968969
0.79045045
0.79121121
0.79197197
0.79273273
0.79349349
0.79425425
0.79501502
0.79577578
0.79653654
0.79729730
0.79805806
0.79881882
0.79957958
0.80034034
0.80110110
0.80186186
0.80262262
0.80338338
0.80414414
0.80490490
0.80566567
0.80642643
0.80718719
0.80794795
0.80870871
0.80946947
0.81023023
0.81099099
0.81175175
0.81251251
0.81327327
0.81403403
0.81479479
0.81555556
0.81631632
0.81707708
0.81783784
0.81859860
0.81935936
0.82012012
0.82088088
0.82164164
0.82240240
0.82316316
0.82392392
0.82468468
0.82544545
0.82620621
0.82696697
0.82772773
0.82848849
0.82924925
0.83001001
0.83077077
0.83153153
0.83229229
0.83305305
0.83381381
0.83457457
0.83533534
0.83609610
0.83685686
0.83761762
0.83837838
0.83913914
0.83989990
0.84066066
0.84142142
0.84218218
0.84294294
0.84370370
0.84446446
0.84522523
0.84598599
0.84674675
0.84750751
0.84826827
0.84902903
0.84978979
0.85055055
0.85131131
0.85207207
0.85283283
0.85359359
0.85435435
0.85511512
0.85587588
0.85663664
0.85739740
0.85815816
0.85891892
0.85967968
0.86044044
0.86120120
0.86196196
0.86272272
0.86348348
0.86424424
0.86500501
0.86576577
0.86652653
0.86728729
0.86804805
0.86880881
0.86956957
0.87033033
0.87109109
0.87185185
0.87261261
0.87337337
0.87413413
0.87489489
0.87565566
0.87641642
0.87717718
0.87793794
0.87869870
0.87945946
0.88022022
0.88098098
0.88174174
0.88250250
0.88326326
0.88402402
0.88478478
0.88554555
0.88630631
0.88706707
0.88782783
0.88858859
0.88934935
0.89011011
0.89087087
0.89163163
0.89239239
0.89315315
0.89391391
0.89467467
0.89543544
0.89619620
0.89695696
0.89771772
0.89847848
0.89923924
0.90000000